#
# WASP-12b TTV Data
#
# Source: Wong et al. 2022, AJ, 163, 175
#         Data provided by Ian Wong
#
# dP/dE = (-1.031+/-0.033)e-9 day/orbit (eqn 8c)
#
# Col 1: transit epoch [integer]
# Col 2: transit center time in BJD_TDB days
# Col 3: error in transit center time in days
# Col 4: O-C from linear ephemeris in minutes
#
Epoch    t_0              err_t0     O-C
-2371    2454515.52496    0.00043    -4.7311
-2077    2454836.40340    0.00028    -2.9645
-2073    2454840.76893    0.00062    -3.1753
-1798    2455140.90981    0.00042    -2.2688
-1792    2455147.45861    0.00043    -1.8578
-1777    2455163.83061    0.00032    -0.8302
-1769    2455172.56138    0.00036    -1.6693
-1735    2455209.66895    0.00046    -2.6473
-1734    2455210.76151    0.00041    -1.0044
-1716    2455230.40653    0.00024    -1.7585
-1694    2455254.41761    0.00043    -1.9601
-1474    2455494.52999    0.00074    -1.7015
-1470    2455498.89590    0.00079    -1.3650
-1460    2455509.80971    0.00037    -1.9136
-1459    2455510.90218    0.00031    -0.4003
-1452    2455518.54147    0.00040    -1.3271
-1430    2455542.55210    0.00040    -2.1768
-1430    2455542.55273    0.00029    -1.2696
-1386    2455590.57561    0.00071    -0.6361
-1379    2455598.21552    0.00035    -0.6701
-1377    2455600.39800    0.00030    -1.1859
-1376    2455601.49010    0.00024    -0.2054
-1374    2455603.67261    0.00029    -0.6780
-1356    2455623.31829    0.00039    -0.4817
-1124    2455876.52786    0.00027    0.0086
-1114    2455887.44198    0.00021    -0.0935
-1113    2455888.53340    0.00027    -0.0922
-1111    2455890.71635    0.00024    0.0688
-1099    2455903.81357    0.00032    0.3437
-1084    2455920.18422    0.00031    -0.5727
-1081    2455923.45850    0.00022    -0.5400
-1060    2455946.37823    0.00018    -0.6421
-1059    2455947.47015    0.00017    0.0792
-1058    2455948.56112    0.00034    -0.5675
-1055    2455951.83536    0.00011    -0.5924
-1054    2455952.92708    0.00013    -0.1591
-1048    2455959.47543    0.00017    -0.3961
-1038    2455970.38941    0.00040    -0.6998
-1037    2455971.48111    0.00035    -0.2953
-1027    2455982.39509    0.00034    -0.5990
-1026    2455983.48695    0.00035    0.0359
-1025    2455984.57797    0.00032    -0.5388
-1024    2455985.66975    0.00042    -0.0191
-1014    2455996.58378    0.00037    -0.2508
-1006    2456005.31533    0.00037    0.0332
-1005    2456006.40637    0.00033    -0.5127
 -786    2456245.42729    0.00033    -0.3129
 -782    2456249.79404    0.00039    1.2331
 -760    2456273.80514    0.00030    1.0602
 -752    2456282.53584    0.00030    0.1203
 -750    2456284.71857    0.00030    -0.0355
 -738    2456297.81605    0.00030    0.6138
 -734    2456302.18179    0.00046    0.7054
 -731    2456305.45536    0.00026    -0.2843
 -718    2456319.64424    0.00038    0.3375
 -710    2456328.37556    0.00027    0.2904
 -709    2456329.46733    0.00029    0.7957
 -457    2456604.50489    0.00021    0.7217
 -456    2456605.59624    0.00030    0.6222
 -455    2456606.68760    0.00034    0.5371
 -454    2456607.77938    0.00071    1.0569
 -434    2456629.60726    0.00019    0.3342
 -433    2456630.69917    0.00043    1.0411
 -411    2456654.71047    0.00034    1.1562
 -404    2456662.35014    0.00019    0.7766
 -403    2456663.44136    0.00019    0.4899
 -402    2456664.53256    0.00032    0.1744
 -390    2456677.63039    0.00032    1.3277
 -380    2456688.54384    0.00041    0.2607
 -359    2456711.46415    0.00026    0.9938
 -349    2456722.37807    0.00047    0.6036
 -107    2456986.50195    0.00043    1.2654
  -85    2457010.51298    0.00039    0.9918
  -83    2457012.69617    0.00049    1.4984
  -53    2457045.43831    0.00049    0.8752
  -52    2457046.53019    0.00049    1.5389
  -40    2457059.62713    0.00035    1.4106
  -39    2457060.71839    0.00036    1.1815
  -33    2457067.26715    0.00023    1.5349
  -32    2457068.35834    0.00021    1.2050
    0    2457103.28423    0.00031    1.8948
  222    2457345.57867    0.00042    1.0329
  263    2457390.32708    0.00034    1.3601
  264    2457391.41818    0.00033    0.9006
  296    2457426.34324    0.00055    0.3952
  297    2457427.43496    0.00023    0.8285
  319    2457451.44617    0.00021    0.8140
  521    2457671.91324    0.00035    1.4092
  539    2457691.55888    0.00025    1.5479
  550    2457703.56388    0.00034    0.6695
  553    2457706.83791    0.00037    0.3422
  571    2457726.48400    0.00028    1.1289
  572    2457727.57547    0.00023    1.2022
  607    2457765.77515    0.00028    1.2191
  608    2457766.86633    0.00039    0.8748
  613    2457772.32407    0.00024    1.8030
  614    2457773.41517    0.00022    1.3435
  617    2457776.68869    0.00029    0.2818
  621    2457781.05418    0.00043    0.0134
  621    2457781.05566    0.00036    2.1446
  626    2457786.51210    0.00026    1.2008
  628    2457788.69464    0.00048    0.7714
  639    2457800.69978    0.00032    0.0945
  646    2457808.34020    0.00040    0.7949
  647    2457809.43190    0.00018    1.1994
  648    2457810.52327    0.00021    1.1287
  846    2458026.62368    0.00056    0.3074
  868    2458050.63519    0.00023    0.7250
  877    2458060.45870    0.00030    1.7879
  889    2458073.55509    0.00022    0.8676
  890    2458074.64651    0.00034    0.8689
  893    2458077.92107    0.00028    1.3048
  935    2458123.76011    0.00027    0.4957
  936    2458124.85183    0.00035    0.9290
  943    2458132.49121    0.00031    0.1317
  945    2458134.67471    0.00032    1.0848
  947    2458136.85760    0.00033    1.1594
  964    2458155.41040    0.00050    -0.7480
  964    2458155.41152    0.00031    0.8648
  965    2458156.50267    0.00032    0.4773
  968    2458159.77773    0.00091    1.6332
  970    2458161.95991    0.00035    0.6854
  970    2458161.95964    0.00026    0.2966
  971    2458163.05125    0.00021    0.5715
  971    2458163.05089    0.00034    0.0531
  974    2458166.32575    0.00034    0.9211
  985    2458178.33104    0.00038    0.4602
 1199    2458411.89495    0.00040    0.7830
 1254    2458471.92257    0.00026    0.1637
 1275    2458494.84270    0.00030    0.6375
 1286    2458506.84758    0.00044    -0.4137
 1595    2458844.09668    0.00046    0.4508
 1596    2458845.18772    0.00042    -0.0951
 1597    2458846.27969    0.00053    0.6983
 1598    2458847.37086    0.00049    0.3396
 1599    2458848.46246    0.00047    0.6001
 1600    2458849.55305    0.00045    -0.5938
 1601    2458850.64500    0.00054    0.1707
 1602    2458851.73597    0.00054    -0.4760
 1603    2458852.82816    0.00044    0.6341
 1604    2458853.91929    0.00045    0.2178
 1609    2458859.37709    0.00049    1.2323
 1610    2458860.46813    0.00045    0.6864
 1611    2458861.55807    0.00047    -1.4435
 1612    2458862.65051    0.00055    0.0267
 1613    2458863.74202    0.00058    0.1576
 1614    2458864.83386    0.00049    0.7637
 1615    2458865.92430    0.00047    -0.6462
 1616    2458867.01609    0.00051    -0.1121
 1617    2458868.10758    0.00043    -0.0100
 2173    2459474.93462    0.00046    -2.8548
 2174    2459476.02746    0.00056    -0.8086
 2175    2459477.11831    0.00050    -1.6281
 2177    2459479.30082    0.00047    -2.1007
 2178    2459480.39281    0.00048    -1.2786
 2179    2459481.48348    0.00051    -2.3573
 2180    2459482.57475    0.00049    -2.5720
 2181    2459483.66690    0.00051    -1.5195
 2182    2459484.75830    0.00048    -1.5470
 2185    2459488.03344    0.00046    -0.2759
 2186    2459489.12326    0.00051    -2.5786
 2187    2459490.21514    0.00042    -1.9149
 2188    2459491.30624    0.00048    -2.3744
 2189    2459492.39827    0.00051    -1.4947
 2190    2459493.48919    0.00043    -2.2133
 2191    2459494.58116    0.00052    -1.4200
 2192    2459495.67260    0.00047    -1.3899
 2193    2459496.76348    0.00049    -2.1662
 2197    2459501.12937    0.00051    -1.8586
 2198    2459502.22115    0.00043    -1.3389
 2199    2459503.31271    0.00045    -1.1360
 2200    2459504.40350    0.00047    -2.0419
 2201    2459505.49468    0.00059    -2.3862
 2202    2459506.58620    0.00051    -2.2409
 2203    2459507.67798    0.00045    -1.7212
 2204    2459508.76993    0.00048    -0.9567
 2205    2459509.86066    0.00045    -1.9489
 2206    2459510.95217    0.00056    -1.8180
 2210    2459515.31724    0.00049    -2.6912
 2211    2459516.40891    0.00053    -2.3299
 2212    2459517.50098    0.00060    -1.3926
 2213    2459518.59247    0.00048    -1.2905
 2214    2459519.68224    0.00057    -3.6652
 2216    2459521.86571    0.00042    -2.7554
 2217    2459522.95725    0.00057    -2.5813
 2218    2459524.04947    0.00039    -1.4280
 2221    2459527.32351    0.00043    -1.7408
 2222    2459528.41517    0.00054    -1.3939
 2223    2459529.50671    0.00055    -1.2198
 2224    2459530.59839    0.00057    -0.8441
 2225    2459531.68987    0.00052    -0.7564
 2226    2459532.78034    0.00048    -2.1231
 2227    2459533.87187    0.00054    -1.9634
 2228    2459534.96448    0.00046    -0.2485
 2229    2459536.05478    0.00052    -1.8600
 2230    2459537.14683    0.00055    -0.9515
 2233    2459540.42054    0.00047    -1.7396
 2234    2459541.51151    0.00041    -2.3863
 2235    2459542.60447    0.00048    -0.1673
 2236    2459543.69504    0.00046    -1.3900
 2238    2459545.87708    0.00049    -2.5394
 2239    2459546.96868    0.00044    -2.2789
 2240    2459548.06099    0.00055    -0.9960
 2241    2459549.15196    0.00049    -1.6427
 2242    2459550.24370    0.00054    -1.1806
