#
# Chaotic asteroid orbit integration for Fig 3.6 of Ryden Celestial and Stellar Dynamics
#
# tMax = 300.0 in units where 1 year = 2*pi
# numPj = 500 number of Jupiter orbits
# numSteps = 1000
# random seed = 12345
# a_init: 3.6337 au
# e_init: 0.1967
# i_init: 0-deg
#
t/PJ  a/aJ               ecc
  0.0 0.6945663337231408 0.2213399482938818
  0.5 0.6928306396984243 0.2236433619259544
  1.0 0.6891679430776801 0.2295514329833344
  1.5 0.6929620497432633 0.2283063740941023
  2.0 0.6884369621766693 0.2303990953081264
  2.5 0.7027803587277121 0.1929574540018255
  3.0 0.7088586006050430 0.1944329219999893
  3.5 0.7027763077591297 0.1942193958060843
  4.0 0.7039601896652729 0.1937015555728321
  4.5 0.7071524122652783 0.1925930907476665
  5.0 0.7048933391449497 0.1977504040483533
  5.5 0.6909056724704512 0.2302693624722961
  6.0 0.6934157211418199 0.2306291305700006
  6.5 0.6894758662671294 0.2250507912678067
  7.0 0.6942824969803910 0.2214337497636307
  7.5 0.6930581128301710 0.2231511611688206
  8.0 0.6894748936845334 0.2286272803734155
  8.5 0.6934703318072050 0.2277306745896463
  9.0 0.6876441612899744 0.2281256159286359
  9.5 0.6999370339497364 0.1953883949365941
 10.0 0.7068426450129339 0.1974515254318953
 10.5 0.7015317453396138 0.1983901054983752
 11.0 0.7027106496027395 0.1971673980698445
 11.5 0.7060023863748227 0.1955620742529948
 12.0 0.7020489860951484 0.1995175722065027
 12.5 0.6895769718852324 0.2318709262876176
 13.0 0.6925540206500087 0.2329161391312359
 13.5 0.6894831544442299 0.2267736948538962
 14.0 0.6942208006331548 0.2219168393536433
 14.5 0.6927756750645032 0.2233876427068555
 15.0 0.6897491106362544 0.2276736947087702
 15.5 0.6940695198378749 0.2266462088533459
 16.0 0.6876625908840083 0.2262882270239161
 16.5 0.6848642174123080 0.2314390084615273
 17.0 0.6916694436161446 0.2340019325748900
 17.5 0.6871174850124776 0.2332521226250822
 18.0 0.6910034617458256 0.2282837897379216
 18.5 0.6911401807129620 0.2281842805466686
 19.0 0.6870305049063079 0.2334553463465081
 19.5 0.6914421660073566 0.2347521907649380
 20.0 0.6848461877080843 0.2320523525478281
 20.5 0.6937471465185241 0.2122722621058933
 21.0 0.7000026178916211 0.2120660521764582
 21.5 0.6956235812050410 0.2136648835778521
 22.0 0.6974121393948891 0.2110547768637158
 22.5 0.7003778704693472 0.2090108576026860
 23.0 0.6952968185400732 0.2118756583220746
 23.5 0.6917914280128006 0.2271671612866269
 24.0 0.6938276438035370 0.2285400846580795
 24.5 0.6950786055619074 0.2178788201191208
 25.0 0.6993178688656071 0.2104300280610053
 25.5 0.6974225647649385 0.2114562258221356
 26.0 0.6948654864577015 0.2145593834507329
 26.5 0.7000601969589689 0.2142478696819371
 27.0 0.6931975170184520 0.2119076109084138
 27.5 0.6852010230825889 0.2334060547924220
 28.0 0.6911871075945352 0.2332049298030562
 28.5 0.6872042431931018 0.2339480291899886
 29.0 0.6908726932393634 0.2285143191505820
 29.5 0.6916827086251340 0.2271516279894341
 30.0 0.6871380417854391 0.2311717221596397
 30.5 0.6920129830547384 0.2352579603105069
 31.0 0.6875890189088301 0.2337665587353468
 31.5 0.6927137560153147 0.2229473119650567
 32.0 0.6964617276345019 0.2195790998681293
 32.5 0.6925930203585851 0.2211874699397786
 33.0 0.6945005412271793 0.2181456091568423
 33.5 0.6978990873665526 0.2158238394749938
 34.0 0.6911950802355024 0.2156966065806273
 34.5 0.6901219899843186 0.2269551603639109
 35.0 0.6930825608357771 0.2295060443212182
 35.5 0.6982981701213452 0.2151704167748264
 36.0 0.7021274109276500 0.2038831158627083
 36.5 0.7002306986398892 0.2040845698882453
 37.0 0.6975935782113146 0.2061467767016117
 37.5 0.7037610997360646 0.2076402573663551
 38.0 0.6984583859946678 0.2063529236482890
 38.5 0.6866794421002447 0.2369539488085722
 39.0 0.6903977389598027 0.2340929159788844
 39.5 0.6866948273382190 0.2354090178818088
 40.0 0.6903169262563293 0.2296800526237865
 40.5 0.6919361571789220 0.2273361726682299
 41.0 0.6865292838134003 0.2288628230472238
 41.5 0.6907533027550730 0.2342617153370974
 42.0 0.6893526600966380 0.2352131088051445
 42.5 0.6873534658757583 0.2437924296543472
 43.0 0.6879022666834236 0.2394396132651069
 43.5 0.6843174712826249 0.2407939557968896
 44.0 0.6875695105623937 0.2357321362107438
 44.5 0.6899809186690988 0.2331189778604012
 45.0 0.6835530015187500 0.2326594751682501
 45.5 0.6874827376043997 0.2381000381753084
 46.0 0.6873697370886098 0.2403022009695832
 46.5 0.6738845599241799 0.2738809194231932
 47.0 0.6742161259225474 0.2706542941161690
 47.5 0.6717660220516458 0.2711612748081672
 48.0 0.6776227551932512 0.2609379182466547
 48.5 0.6765464797591918 0.2593546322333136
 49.0 0.6745038150481245 0.2600008407402288
 49.5 0.6815117968112513 0.2609133351413350
 50.0 0.6728059594261345 0.2576565646841558
 50.5 0.6727697945492390 0.2645798511583540
 51.0 0.6758213666723284 0.2675183117407209
 51.5 0.6637850661094550 0.2994296034010547
 52.0 0.6625200740999271 0.2964637444940986
 52.5 0.6620637159258859 0.2951411720316697
 53.0 0.6692676741022615 0.2805631071153296
 53.5 0.6667841047191296 0.2803378112280811
 54.0 0.6684979247648666 0.2784649812825148
 54.5 0.6713411260643435 0.2756920413586730
 55.0 0.6644103567857359 0.2743064104723355
 55.5 0.6724336772414621 0.2794333720305013
 56.0 0.6673237429001717 0.2793897684946430
 56.5 0.6629604572375537 0.2861428760406658
 57.0 0.6667157668586905 0.2876932546439159
 57.5 0.6529565285578314 0.3228603365480155
 58.0 0.6513596639147156 0.3208023127074019
 58.5 0.6567649167324348 0.3129047065288373
 59.0 0.6645739407587850 0.2914998490312363
 59.5 0.6616233488568994 0.2922791767080305
 60.0 0.6662009219980736 0.2860141895378795
 60.5 0.6659437099573491 0.2833218760003569
 61.0 0.6632553400589213 0.2836420668658475
 61.5 0.6709952108854108 0.2853259419076585
 62.0 0.6613517176244555 0.2810608608667575
 62.5 0.6651385097308790 0.2851540854534769
 63.0 0.6654299622674029 0.2885317239107297
 63.5 0.6574548329454646 0.3004931993342213
 64.0 0.6610368910184623 0.3000057329082397
 64.5 0.6588180338878260 0.3178125215753969
 65.0 0.6544626327222632 0.3139457137514764
 65.5 0.6545419487195495 0.3129846219006091
 66.0 0.6632875584145921 0.2941994708123798
 66.5 0.6604378872619193 0.2940284007204690
 67.0 0.6638422057250325 0.2901755140284543
 67.5 0.6651419926646567 0.2870049136189002
 68.0 0.6599282091784492 0.2857256406778405
 68.5 0.6692922982469501 0.2900742781681871
 69.0 0.6609247650204448 0.2874152514870041
 69.5 0.6623492423544450 0.2896306849922767
 70.0 0.6636964015742951 0.2927751107941489
 70.5 0.6559286673685168 0.3048906077078104
 71.0 0.6590923476548961 0.3040514096851515
 71.5 0.6525267441727605 0.3305246725255348
 72.0 0.6466348755427671 0.3309237100290700
 72.5 0.6505803706157983 0.3273721448474141
 73.0 0.6611452990024187 0.2992845567318411
 73.5 0.6580156111683979 0.2997790362149395
 74.0 0.6635860723462563 0.2921694059517980
 74.5 0.6631681390076237 0.2890182954546174
 75.0 0.6604234451941440 0.2878836428341875
 75.5 0.6690695383305928 0.2907521347351644
 76.0 0.6595483500597477 0.2865778172220142
 76.5 0.6639438139270490 0.2886162366590508
 77.0 0.6634191729741503 0.2919112729589463
 77.5 0.6585490662980692 0.2980065628220990
 78.0 0.6617289353856736 0.2979913949081499
 78.5 0.6506908595405276 0.3245472662657887
 79.0 0.6489343283528246 0.3259617233517781
 79.5 0.6557045978115259 0.3249840418172599
 80.0 0.6602809283204391 0.3014007484688773
 80.5 0.6571888977433015 0.3023119345230827
 81.0 0.6647350787259486 0.2904094801392064
 81.5 0.6634333025955701 0.2873578832432213
 82.0 0.6619054866754180 0.2854097909282878
 82.5 0.6702316044950565 0.2879743972028894
 83.0 0.6608798720937584 0.2837641182427644
 83.5 0.6657448044288654 0.2851969849749999
 84.0 0.6648193113064101 0.2883983468377754
 84.5 0.6607774355980365 0.2933043294358197
 85.0 0.6637997663160243 0.2932348801261364
 85.5 0.6541903919788892 0.3158377893116942
 86.0 0.6526116214777011 0.3179860608279483
 86.5 0.6577530205777798 0.3181794043003262
 87.0 0.6657938485222797 0.2894633845005375
 87.5 0.6621406154601467 0.2893926439932573
 88.0 0.6680527556045491 0.2811785345567996
 88.5 0.6698364661095672 0.2784883380745221
 89.0 0.6635283698707184 0.2739671016670260
 89.5 0.6724979450892702 0.2778685299648755
 90.0 0.6672171865984335 0.2789351265055696
 90.5 0.6668983777346522 0.2798023148427728
 91.0 0.6688914555450941 0.2812434700772856
 91.5 0.6616860740991418 0.2944604412095552
 92.0 0.6636388415006793 0.2938976330195411
 92.5 0.6677096642012719 0.2978304272448422
 93.0 0.6694214377055074 0.2817226198932264
 93.5 0.6654980923577258 0.2807654849403695
 94.0 0.6705751342610922 0.2729147134195069
 94.5 0.6752649811111279 0.2725990307779491
 95.0 0.6674420743619904 0.2677797122352428
 95.5 0.6740360691552367 0.2690749235385043
 96.0 0.6716625679777294 0.2719407303181891
 96.5 0.6691444313430330 0.2750281285025731
 97.0 0.6720149076544715 0.2747540768917336
 97.5 0.6643417580231937 0.2935303615811078
 98.0 0.6614720684459687 0.2988998438110149
 98.5 0.6604740181028883 0.3009241914227793
 99.0 0.6759347714946565 0.2667064555664413
 99.5 0.6737533153146077 0.2636063465272781
100.0 0.6720487392722129 0.2580207856622810
100.5 0.6809953529054461 0.2614605683136413
101.0 0.6743733018939507 0.2611663593414200
101.5 0.6754683418864285 0.2612124740874223
102.0 0.6771096452449806 0.2625446699668237
102.5 0.6703374665230395 0.2754665422696001
103.0 0.6720177106688411 0.2755916148663839
103.5 0.6714593926274083 0.2778848927798499
104.0 0.6870446692528627 0.2408809205617800
104.5 0.6867277605481669 0.2382083649352460
105.0 0.6826219968629093 0.2331895440125843
105.5 0.6895694141387424 0.2347795470780492
106.0 0.6868725282482435 0.2373558408221365
106.5 0.6833071587946457 0.2430205268165909
107.0 0.6868880420397748 0.2417719116848702
107.5 0.6878940082555195 0.2451856349836374
108.0 0.6947632040895793 0.2224993828462357
108.5 0.6959078744513433 0.2210823659465321
109.0 0.6911956053026471 0.2168526973590972
109.5 0.6962037115230525 0.2161173230215222
110.0 0.6955450622462988 0.2183311333763509
110.5 0.6900428604275191 0.2287859145168057
111.0 0.6929178968115374 0.2286403935032353
111.5 0.6880386702499962 0.2295259635099920
112.0 0.6979059184077635 0.2061499953295964
112.5 0.7042468327447767 0.2074021197306027
113.0 0.6975050146675230 0.2065143095631021
113.5 0.6982714262425287 0.2073891080195241
114.0 0.7013167366781069 0.2070192654408796
114.5 0.7022932567496537 0.2147560510636499
115.0 0.6874616148097918 0.2413922702122571
115.5 0.6859383881985406 0.2388034156643463
116.0 0.6840804431504947 0.2310812567230013
116.5 0.6911398232335706 0.2318642805982802
117.0 0.6877376099186729 0.2342861070786681
117.5 0.6859085259247047 0.2370737550823446
118.0 0.6893306271357507 0.2357747345903548
118.5 0.6883821551733507 0.2434404561329992
119.0 0.6731761642288429 0.2746502403247175
119.5 0.6692035218737381 0.2712724440021888
120.0 0.6720138342619303 0.2582945891138527
120.5 0.6805622838520025 0.2616829636720516
121.0 0.6742636354923519 0.2610523400194661
121.5 0.6773836255604648 0.2587577751815917
122.0 0.6774613454035010 0.2602415348422346
122.5 0.6735059728581965 0.2660286726249531
123.0 0.6767330863852847 0.2648631618118271
123.5 0.6747390023474376 0.2712071745467889
124.0 0.6604641273930167 0.3030864168329498
124.5 0.6552491213052936 0.3001299515426262
125.0 0.6654526705212792 0.2803889497055294
125.5 0.6716332761600440 0.2828582519719373
126.0 0.6655037855395143 0.2769425313886514
126.5 0.6716540825787898 0.2751425888430117
127.0 0.6684895041502618 0.2776676634097706
127.5 0.6687830851283288 0.2771520266813352
128.0 0.6702862006034449 0.2771559979641246
128.5 0.6655816161511134 0.2842128942759166
129.0 0.6682879195589260 0.2838656986971325
129.5 0.6655936151318803 0.2898005703144299
130.0 0.6525006834098882 0.3205088940973967
130.5 0.6469747600488890 0.3188136156130783
131.0 0.6645067190066921 0.2875832655539475
131.5 0.6678177289450143 0.2881922694084043
132.0 0.6637081966366982 0.2787954711657660
132.5 0.6710311702750373 0.2787545399152268
133.0 0.6665542214819906 0.2805038839964127
133.5 0.6687144023233672 0.2782060716320412
134.0 0.6689147728971205 0.2792248816305889
134.5 0.6657421844319201 0.2834047666840473
135.0 0.6687523273785554 0.2820537440714883
135.5 0.6640496032212342 0.2910136548692515
136.0 0.6609315102828771 0.3015402357890076
136.5 0.6556642822021985 0.3017720869274350
137.0 0.6722971718766447 0.2694847029729511
137.5 0.6762394418055599 0.2708206863154369
138.0 0.6722714174215039 0.2631766531280193
138.5 0.6781831725274591 0.2607502323091181
139.0 0.6749439745753539 0.2631253560103602
139.5 0.6751921780303223 0.2627695238386433
140.0 0.6771387018454256 0.2620387079126733
140.5 0.6720721300029867 0.2698722075097542
141.0 0.6742703051872390 0.2718510684310109
141.5 0.6687305756946319 0.2724564892497383
142.0 0.6759809951058308 0.2572192039806959
142.5 0.6813744161982226 0.2597521394046067
143.0 0.6772641742704774 0.2543259369058094
143.5 0.6823562255693202 0.2500762141884341
144.0 0.6801374423906380 0.2521051609586638
144.5 0.6790335819162628 0.2535201537457601
145.0 0.6821101211382656 0.2518266032109653
145.5 0.6776859913860899 0.2589014390813765
146.0 0.6754554928195198 0.2710398249290104
146.5 0.6700393966356429 0.2675875300315585
147.0 0.6811744704098091 0.2380380966374728
147.5 0.6888522827426437 0.2403949405538632
148.0 0.6837370999197518 0.2409373949620061
148.5 0.6865076118337915 0.2378799756967090
149.0 0.6873585527443260 0.2378028897707437
149.5 0.6827331038152379 0.2445966374387942
150.0 0.6860764323738930 0.2459985645814946
150.5 0.6796240668107981 0.2442801999628678
151.0 0.6940752141609147 0.2086966397514705
151.5 0.7012094759254017 0.2106419592836126
152.0 0.6962029810640017 0.2117514501726982
152.5 0.6979381733381290 0.2096331964723882
153.0 0.7005670767888710 0.2081452123594130
153.5 0.6968850354690299 0.2142229174272051
154.0 0.6916779455415358 0.2318325261130957
154.5 0.6916847881442889 0.2314962592572161
155.0 0.6925399985532040 0.2201853778776150
155.5 0.6972209255903551 0.2159597575234433
156.0 0.6947400388826601 0.2178600241904564
156.5 0.6926918643348797 0.2207516094801127
157.0 0.6970299181998648 0.2192033348009697
157.5 0.6908004500826993 0.2195370003665067
158.0 0.6782936052261660 0.2486764599512759
158.5 0.6843812311180297 0.2517526685242637
159.0 0.6809670886247607 0.2476421995381068
159.5 0.6857713841493749 0.2418987142871322
160.0 0.6840781076094691 0.2432278541832851
160.5 0.6823172698360140 0.2454799215831490
161.0 0.6862362087411868 0.2436359411767083
161.5 0.6808493892914019 0.2461642421922244
162.0 0.6751539047050128 0.2689424708877131
162.5 0.6750572147618397 0.2687886893583626
163.0 0.6797454813888145 0.2477028515752449
163.5 0.6854309989048465 0.2455997722680013
164.0 0.6814449380949700 0.2474462183397917
164.5 0.6832193197060382 0.2452163237482067
165.0 0.6847874489318945 0.2440848419472192
165.5 0.6800299931219683 0.2500698700013246
166.0 0.6834809386459477 0.2533095710795755
166.5 0.6769134541639158 0.2502520821264999
167.0 0.6873660133628767 0.2263419527406459
167.5 0.6939876962921374 0.2269696599380666
168.0 0.6895509463029431 0.2280514137726803
168.5 0.6923628272973585 0.2242029541268353
169.0 0.6938784239045344 0.2228428825540481
169.5 0.6891555626146405 0.2282208332915923
170.0 0.6919013829501186 0.2344525603626159
170.5 0.6885673574207060 0.2330251892518910
171.0 0.7001100740893645 0.2020695035815001
171.5 0.7047307690484327 0.1989213666541283
172.0 0.7012875627262983 0.2007106436466740
172.5 0.7003421727267812 0.2018016399419121
173.0 0.7052666382585713 0.2003741073892676
173.5 0.6981772107663996 0.1986561487775435
174.0 0.6839793802869080 0.2343821964170736
174.5 0.6903941008803463 0.2358251388698726
175.0 0.6866026199753871 0.2353661657646817
175.5 0.6908594475471048 0.2290686947162793
176.0 0.6908335460438916 0.2284592024655757
176.5 0.6869429300534076 0.2324773159827288
177.0 0.6922494302777603 0.2343014622862558
177.5 0.6859545372663975 0.2317772461569320
178.0 0.6747472157238624 0.2586468867975245
178.5 0.6803489434885288 0.2580974559278480
179.0 0.6774441510164341 0.2573052271471062
179.5 0.6822568485343211 0.2498889470290292
180.0 0.6810962782656673 0.2498580842535835
180.5 0.6791803433178784 0.2518591020274770
181.0 0.6840958737040149 0.2505110377392210
181.5 0.6762161244586943 0.2488035444924517
182.0 0.6738578303674815 0.2642145946910999
182.5 0.6767488083464119 0.2671313058988876
183.0 0.6879526681873388 0.2387506572177620
183.5 0.6907864054042158 0.2323056169951719
184.0 0.6873750556770302 0.2338995469479839
184.5 0.6885178422492407 0.2322175446141742
185.0 0.6917628563134771 0.2298759819790283
185.5 0.6856843482078021 0.2311960639290324
186.0 0.6860518082074990 0.2414049214595440
186.5 0.6869961169458896 0.2430220950931987
187.0 0.6983662650211108 0.2156310891995333
187.5 0.7006797869545096 0.2082808068971713
188.0 0.6977378272557756 0.2094515308171508
188.5 0.6967764555157924 0.2100943407928959
189.0 0.7022822358964536 0.2092638228332281
189.5 0.6949662570793276 0.2070453299241898
190.0 0.6822996688093904 0.2393360346899476
190.5 0.6882178847742458 0.2406036338559268
191.0 0.6856417760371609 0.2387942036507792
191.5 0.6906622060959315 0.2303194025384044
192.0 0.6898588021193522 0.2298666440251295
192.5 0.6867714419373425 0.2326131993160916
193.0 0.6927272691322404 0.2335875124012432
193.5 0.6857741807093519 0.2310893883231706
194.0 0.6714181416860027 0.2642980297029035
194.5 0.6772605043584076 0.2656441423079144
195.0 0.6770669182848124 0.2601620867346119
195.5 0.6822831539597081 0.2507766926560199
196.0 0.6799537024174132 0.2516662218613733
196.5 0.6798926365816640 0.2516889849484212
197.0 0.6835254934394972 0.2493596642516824
197.5 0.6770554439737970 0.2503648869296957
198.0 0.6791952678371851 0.2597218406736540
198.5 0.6784924397274719 0.2606734328230657
199.0 0.6879116741139412 0.2381558799412848
199.5 0.6904143735624467 0.2336622323585561
200.0 0.6867331548778958 0.2351777430383996
200.5 0.6892715897092255 0.2313562547584974
201.0 0.6917607486453289 0.2289011957113585
201.5 0.6858361721096847 0.2299997217064597
202.0 0.6885403488537712 0.2368654254934356
202.5 0.6884926883312282 0.2384324426125684
203.0 0.7020302271288726 0.2117519482682382
203.5 0.7020219061561340 0.2053819685792352
204.0 0.6988130853908859 0.2061154353097473
204.5 0.6983379078745483 0.2052974815158960
205.0 0.7047102365365080 0.2055618532796228
205.5 0.6979867354556876 0.2040128673169135
206.0 0.6879476823677921 0.2287913536635251
206.5 0.6931119553836419 0.2283649645338956
207.0 0.6902231513368035 0.2282424246659015
207.5 0.6955213570500484 0.2183735114607411
208.0 0.6959973249344753 0.2163898387883963
208.5 0.6912326049846921 0.2178306711103310
209.0 0.6962417765525715 0.2220957668403560
209.5 0.6944014176235112 0.2229137944684883
210.0 0.6890996150555566 0.2407828783820162
210.5 0.6889994173346882 0.2368864965279982
211.0 0.6853784802658736 0.2381822706685026
211.5 0.6885325350733661 0.2331561723731239
212.0 0.6915133175802323 0.2306580570526388
212.5 0.6844255182176729 0.2291798450822959
213.0 0.6875958644817786 0.2349779109618677
213.5 0.6886961474763147 0.2377178197966423
214.0 0.6826149411954309 0.2600411684625732
214.5 0.6802320172298798 0.2569692956846915
215.0 0.6768836341129394 0.2581807575692760
215.5 0.6815574808435254 0.2507813815275017
216.0 0.6827154430922565 0.2479671035374670
216.5 0.6770659139386273 0.2470707590730566
217.0 0.6841185983477270 0.2511482974236517
217.5 0.6806286025587609 0.2521829829254881
218.0 0.6724603179401173 0.2665580880748740
218.5 0.6765700782174069 0.2658031684700768
219.0 0.6817877855118144 0.2572176848388158
219.5 0.6890697454262737 0.2357933628485858
220.0 0.6866969168015844 0.2349858729196560
220.5 0.6856671163696991 0.2339722833224850
221.0 0.6929579059960062 0.2353676086234596
221.5 0.6855966949615688 0.2335452966215652
222.0 0.6823458583993270 0.2423306567407527
222.5 0.6865770948538575 0.2431976489862843
223.0 0.6944320715549364 0.2314518383981028
223.5 0.7004341068510573 0.2085737862833343
224.0 0.6987806658363166 0.2069865845727736
224.5 0.6955130265642741 0.2057811698226235
225.0 0.7021597521114802 0.2084286500529585
225.5 0.6992641270460672 0.2095399095445274
226.0 0.6867442289211535 0.2391439809730615
226.5 0.6890191210676727 0.2371744834097030
227.0 0.6855508740302371 0.2384733291225084
227.5 0.6909002054281792 0.2288566070841724
228.0 0.6928358623237040 0.2262308497320168
228.5 0.6863916051334175 0.2244878369217028
229.0 0.6907641569699430 0.2286784663984492
229.5 0.6910285965783223 0.2313601064069102
230.0 0.6768197991173691 0.2668474082411515
230.5 0.6765263220958241 0.2654812961514893
231.0 0.6739207699974720 0.2663690996662260
231.5 0.6804980610993060 0.2544282437734030
232.0 0.6799309768821746 0.2519888533320623
232.5 0.6763430572946204 0.2513994672705868
233.0 0.6845330221579972 0.2545958128245983
233.5 0.6780646540860541 0.2535600389953796
234.0 0.6746001704429977 0.2604913497931769
234.5 0.6784790656738701 0.2613822769339610
235.0 0.6895083309990230 0.2540167509306042
235.5 0.6863128796426794 0.2429664864318604
236.0 0.6829072732600542 0.2427664542537689
236.5 0.6845633440188050 0.2388990383698028
237.0 0.6909451613456608 0.2392603237850355
237.5 0.6827366441154368 0.2366884645237677
238.0 0.6837811382088144 0.2405898269014365
238.5 0.6864868563503977 0.2425216821720831
239.0 0.6777682578739399 0.2733641973365696
239.5 0.6710660659270045 0.2776352597961356
240.0 0.6680357403252236 0.2788431759257717
240.5 0.6753087324967371 0.2663320401253031
241.0 0.6749710643181196 0.2633141412938207
241.5 0.6708827572984603 0.2610068228899951
242.0 0.6797143170435658 0.2647221348443320
242.5 0.6733141638898332 0.2642842673965047
243.0 0.6720968608626203 0.2672134844519612
243.5 0.6749618866538560 0.2685023613335851
244.0 0.6637964789250053 0.2960403040212313
244.5 0.6619983884895190 0.2975946065762759
245.0 0.6628462576484825 0.2967953358802164
245.5 0.6737959861046003 0.2710582822911182
246.0 0.6710251844540215 0.2696494115864173
246.5 0.6721263637306407 0.2669077031757682
247.0 0.6785237806683171 0.2673308447553153
247.5 0.6696247868798122 0.2634875344267142
248.0 0.6740010408496796 0.2658251153308103
248.5 0.6740766446327738 0.2689036082111543
249.0 0.6672915674662283 0.2800540198273750
249.5 0.6704727979855571 0.2789267478994804
250.0 0.6783813594699202 0.2759493373853191
250.5 0.6824588012960199 0.2520001985247676
251.0 0.6791820402378199 0.2505800755973762
251.5 0.6800860800841600 0.2460344261473427
252.0 0.6877593296844191 0.2479685218651008
252.5 0.6799676532185051 0.2460026003639786
253.0 0.6810258569691958 0.2477326122779445
253.5 0.6832735005512210 0.2492670952543318
254.0 0.6737582531555942 0.2730202381828143
254.5 0.6719335076333198 0.2758179733564543
255.0 0.6694655850564503 0.2772544752382881
255.5 0.6794910603675449 0.2574582250351206
256.0 0.6788551228449237 0.2544197256287314
256.5 0.6747254849962333 0.2507436835739797
257.0 0.6832391685364509 0.2541610713220835
257.5 0.6781925762056714 0.2551771507816449
258.0 0.6761124678943817 0.2585929508402879
258.5 0.6792876457275676 0.2587900081434175
259.0 0.6719325506078624 0.2847983377333095
259.5 0.6633288227050267 0.2948219183054280
260.0 0.6608251845186965 0.2962315946263096
260.5 0.6712152467885143 0.2765528161962491
261.0 0.6695166414754613 0.2735497905985380
261.5 0.6677172802337159 0.2702092841618904
262.0 0.6765960204249539 0.2735265510344383
262.5 0.6685397319127379 0.2713290314013075
263.0 0.6708820181154979 0.2717463530328575
263.5 0.6717782239446248 0.2742237298254536
264.0 0.6655564489311223 0.2844707324648781
264.5 0.6683793849115324 0.2834227855736055
265.0 0.6721094836934507 0.2900508729539976
265.5 0.6676504243011663 0.2856308331348521
266.0 0.6636874649169012 0.2852471094413978
266.5 0.6700446364795468 0.2758429274990217
267.0 0.6731701972368767 0.2743059627976783
267.5 0.6661339286404970 0.2692026194925957
268.0 0.6738502465032365 0.2715406926596989
268.5 0.6702626006975422 0.2739505641567202
269.0 0.6688559344952045 0.2756190263228843
269.5 0.6713321942261535 0.2759982787116860
270.0 0.6638639487584952 0.2915474210916426
270.5 0.6640823071027943 0.2930705235304434
271.0 0.6647478169654194 0.2952240818306657
271.5 0.6797080955460538 0.2583752583913634
272.0 0.6774279873922570 0.2553426879469409
272.5 0.6756033696077401 0.2492511013164395
273.0 0.6843556094285285 0.2524686116353012
273.5 0.6785125761635111 0.2530689939426581
274.0 0.6785715690166180 0.2538569644099953
274.5 0.6808936339809687 0.2543987668655218
275.0 0.6735047712311059 0.2714282218711292
275.5 0.6723086782861003 0.2751916893350093
276.0 0.6691514952619048 0.2770198378759061
276.5 0.6819355207896128 0.2515855715159012
277.0 0.6828805947438954 0.2492099089992640
277.5 0.6776354155855194 0.2444447222090153
278.0 0.6846091347562498 0.2460798649326443
278.5 0.6819053736601145 0.2487248874904115
279.0 0.6787791097933793 0.2533360785664893
279.5 0.6821599464272757 0.2523466049594864
280.0 0.6830614948223516 0.2627869047082721
280.5 0.6690322187489384 0.2830327019615685
281.0 0.6646491606160697 0.2817157865677458
281.5 0.6710702954522145 0.2707382450597929
282.0 0.6764855420735362 0.2715300098865909
282.5 0.6689356794739614 0.2667017712067989
283.0 0.6749304511422277 0.2665287921031867
283.5 0.6728222586304340 0.2693634942963834
284.0 0.6706271039969195 0.2720385465814442
284.5 0.6734261964156576 0.2714427863311957
285.0 0.6668778718715531 0.2867677158970787
285.5 0.6642064065721749 0.2931598786196777
286.0 0.6614714426804912 0.2954253769267136
286.5 0.6781704501313871 0.2611558226005533
287.0 0.6779423602795829 0.2584460047433119
287.5 0.6740268657381779 0.2520795817324571
288.0 0.6820088092022426 0.2541862108880558
288.5 0.6778403715029996 0.2563150560199871
289.0 0.6770756567168035 0.2574747328673311
289.5 0.6796312784162372 0.2572829368617764
290.0 0.6731165687786013 0.2723692165101079
290.5 0.6710639817912920 0.2781973694702575
291.0 0.6672016265223016 0.2797293912607485
291.5 0.6810906635557648 0.2527463556441953
292.0 0.6833257196957659 0.2514666483031816
292.5 0.6776280753408748 0.2464929857055346
293.0 0.6838642587529072 0.2466971448333520
293.5 0.6816884566729702 0.2494144433158369
294.0 0.6787309756212071 0.2536704615135700
294.5 0.6820634554916007 0.2525029243211591
295.0 0.6814619797654815 0.2629279598932197
295.5 0.6661291484040697 0.2897371629948490
296.0 0.6614431683904550 0.2883144226534955
296.5 0.6697424894855402 0.2741251081748832
297.0 0.6747793848597659 0.2749483275266155
297.5 0.6677921478379946 0.2694980472529411
298.0 0.6741721192833139 0.2690807805205139
298.5 0.6714137218560066 0.2718119710877089
299.0 0.6703065710806952 0.2730039980347204
299.5 0.6726537254471040 0.2727236763862835
300.0 0.6665592522791173 0.2843302712548686
