#
# Quasi-periodic asteroid orbit integration for Fig 3.4 of Ryden Celestial and Stellar Dynamics
#
# tMax = 300.0 in units where 1 year = 2*pi
# numPj = 500 number of Jupiter orbits
# numSteps = 1000
# random seed = 12345
# a_init: 3.6129 au
# e_init: 0.2065
# i_init: 0-deg
#
t/PJ  a/aJ               ecc
  0.0 0.6925405169345389 0.2282332742665492
  0.5 0.6872891085774638 0.2243635935395445
  1.0 0.6927736274350151 0.2250951852404418
  1.5 0.6918685989922864 0.2276794548691800
  2.0 0.6859916761191099 0.2387163763814967
  2.5 0.6890003022264365 0.2378450167897023
  3.0 0.6854557898472294 0.2398036015764432
  3.5 0.6969725014754046 0.2142825801705249
  4.0 0.7010640408625183 0.2139919840275222
  4.5 0.6939838939156615 0.2114463515943446
  5.0 0.6967781222485140 0.2121941204583853
  5.5 0.6986480001207810 0.2134339244316056
  6.0 0.6927698630991116 0.2346859131886053
  6.5 0.6852345879652066 0.2468512460098834
  7.0 0.6808839136626517 0.2459219951811623
  7.5 0.6846878908652040 0.2361944295240977
  8.0 0.6919969646206533 0.2380586201154305
  8.5 0.6846824828663904 0.2365539516099875
  9.0 0.6861871065397552 0.2369947247437121
  9.5 0.6882289684645654 0.2379526897160043
 10.0 0.6807925028518561 0.2567051428171425
 10.5 0.6784670829813810 0.2620053228568304
 11.0 0.6743253819195105 0.2629944481015303
 11.5 0.6834207868617503 0.2461889884976510
 12.0 0.6871309919981481 0.2454648083707745
 12.5 0.6800803418330504 0.2416311586265520
 13.0 0.6851708232498332 0.2420656466197652
 13.5 0.6845857942575593 0.2447004411311641
 14.0 0.6792239185047620 0.2538527281833283
 14.5 0.6823896306006654 0.2527155392194360
 15.0 0.6816211866607395 0.2550604659973534
 15.5 0.6965455709505005 0.2178849854262335
 16.0 0.6983676837308268 0.2164704262162037
 16.5 0.6926673513347277 0.2131081552692345
 17.0 0.6971174789192768 0.2132300481643447
 17.5 0.6974231355176724 0.2152928436094725
 18.0 0.6903973022357022 0.2313128327919074
 18.5 0.6911130290140002 0.2332927079270566
 19.0 0.6864259230062295 0.2335626262159700
 19.5 0.6926725471522305 0.2192729612399297
 20.0 0.6992997514559188 0.2205730242034334
 20.5 0.6921588500947072 0.2192332561178239
 21.0 0.6930512771558974 0.2204172706790324
 21.5 0.6958014479796247 0.2206973916438119
 22.0 0.6940454692781283 0.2369495456502776
 22.5 0.6800988308215279 0.2586853311426902
 23.0 0.6758572095221109 0.2569526186841799
 23.5 0.6792507632290656 0.2473971783265713
 24.0 0.6869121708670832 0.2497384527764811
 24.5 0.6795721932336172 0.2480519501199439
 25.0 0.6819824259860594 0.2474749708432478
 25.5 0.6831446694869240 0.2489404776512348
 26.0 0.6768062879146123 0.2610189940276930
 26.5 0.6786592148790779 0.2613918878367010
 27.0 0.6756701137331839 0.2636563067124474
 27.5 0.6905560846621990 0.2312746306753946
 28.0 0.6931616443810460 0.2302909233525877
 28.5 0.6870560471515120 0.2265461302286297
 29.0 0.6918641705422089 0.2263146836561368
 29.5 0.6915826633768728 0.2285982830462775
 30.0 0.6857086880859237 0.2397143468543532
 30.5 0.6884026704879946 0.2393636093170139
 31.0 0.6842967963745605 0.2410773509746343
 31.5 0.6958790650606999 0.2156102531483362
 32.0 0.7007778275552110 0.2159914487232472
 32.5 0.6936454295335338 0.2136717767067936
 33.0 0.6961063895332700 0.2138507910121281
 33.5 0.6980829265385248 0.2147211953136551
 34.0 0.6926544652227600 0.2336655773765571
 34.5 0.6854983594002293 0.2464500918795661
 35.0 0.6810461563889229 0.2450753978668672
 35.5 0.6846566630176850 0.2343994421793182
 36.0 0.6923257123034791 0.2366182128900025
 36.5 0.6854565751935972 0.2357974101707523
 37.0 0.6866399368306488 0.2360200892884949
 37.5 0.6888118857445108 0.2365890611113813
 38.0 0.6820487286718667 0.2540539066416866
 38.5 0.6789915343169933 0.2610165894573092
 39.0 0.6745030958336432 0.2614348423511904
 39.5 0.6831726237893340 0.2450899926588574
 40.0 0.6881273427094236 0.2454603450630751
 40.5 0.6807659596895207 0.2419413819060946
 41.0 0.6851131917102287 0.2415428830582891
 41.5 0.6850609406309279 0.2438318736552376
 42.0 0.6795530924544297 0.2534546191246711
 42.5 0.6824865182221271 0.2526116943458593
 43.0 0.6803234746341067 0.2552011781829604
 43.5 0.6958625419021000 0.2186425810437445
 44.0 0.6987070327929179 0.2179463690764331
 44.5 0.6924640636336409 0.2146986921837790
 45.0 0.6964904966027813 0.2143143764423981
 45.5 0.6971624290482147 0.2160409375210753
 46.0 0.6903966886621410 0.2317063297472921
 46.5 0.6905426251427791 0.2347642732372749
 47.0 0.6857357380113667 0.2345553553661479
 47.5 0.6916524181445868 0.2201202667533331
 48.0 0.6986642346750441 0.2217535788832091
 48.5 0.6917971735397616 0.2208630090593299
 49.0 0.6925357028204900 0.2217818820674385
 49.5 0.6952907311073558 0.2218451722245606
 50.0 0.6930179862760890 0.2375601502227857
 50.5 0.6798075574155771 0.2594767638283079
 51.0 0.6754633852899717 0.2575951503957974
 51.5 0.6790902095597227 0.2471998798922281
 52.0 0.6868340590618521 0.2496719013052913
 52.5 0.6796516715721668 0.2481677667497834
 53.0 0.6820998535605645 0.2473416357743907
 53.5 0.6831920706687954 0.2487251480190336
 54.0 0.6771169316723751 0.2600353621036850
 54.5 0.6791394442117029 0.2603509176570620
 55.0 0.6759608918907641 0.2626729019879929
 55.5 0.6914786036752487 0.2286440261159788
 56.0 0.6946107727883791 0.2281477506268002
 56.5 0.6883202399606864 0.2245401943298024
 57.0 0.6927600718497879 0.2238369923275813
 57.5 0.6928165926146227 0.2258441559278967
 58.0 0.6868301298158661 0.2375118817936608
 58.5 0.6891395347779928 0.2378411652236569
 59.0 0.6845189514740883 0.2389557026852693
 59.5 0.6948319258881615 0.2161370239416397
 60.0 0.7005954831780661 0.2170850986798958
 60.5 0.6935031695158581 0.2152870889129534
 61.0 0.6953925569782595 0.2154029143380904
 61.5 0.6976564213768279 0.2158637119480761
 62.0 0.6933667398022424 0.2331131615515193
 62.5 0.6843041321344719 0.2493267500794541
 63.0 0.6799000517595478 0.2474639394810286
 63.5 0.6830693681183302 0.2365863380538606
 64.0 0.6910163055125924 0.2390951631330070
 64.5 0.6844121082444965 0.2386591187535634
 65.0 0.6856249489303133 0.2385625439273373
 65.5 0.6876790440803046 0.2390617315935463
 66.0 0.6810873227389641 0.2546926366177185
 66.5 0.6793829725646948 0.2601997779481241
 67.0 0.6747962479002905 0.2607019062380137
 67.5 0.6844642292154068 0.2419015791584712
 68.0 0.6895426262781819 0.2424950906762925
 68.5 0.6823022524076926 0.2391389948111395
 69.0 0.6864248128110876 0.2383898961891416
 69.5 0.6865454633275403 0.2404648153724030
 70.0 0.6809611375196706 0.2504307400383493
 70.5 0.6837447557360956 0.2498872698136566
 71.0 0.6805627145364904 0.2522633557580136
 71.5 0.6956246635742085 0.2180439938934387
 72.0 0.6994070116430371 0.2179497636499729
 72.5 0.6927412874977525 0.2150011132213551
 73.0 0.6962478172165444 0.2144408226525067
 73.5 0.6973658880972990 0.2157953355236130
 74.0 0.6907777423807765 0.2320851157628666
 74.5 0.6895498725205044 0.2371837377569734
 75.0 0.6847528375641656 0.2364088824606410
 75.5 0.6898160275485727 0.2228911838076792
 76.0 0.6971952041907853 0.2248320225512783
 76.5 0.6905579623060499 0.2243201432034274
 77.0 0.6911935352040418 0.2250706045239215
 77.5 0.6939023496190005 0.2250530756568062
 78.0 0.6905427452729550 0.2412633431337950
 78.5 0.6792267860414820 0.2608227077744005
 79.0 0.6747165001715524 0.2591913512349222
 79.5 0.6792953451271255 0.2478083099409797
 80.0 0.6867262521220423 0.2500853725917350
 80.5 0.6794265479671041 0.2481789410140708
 81.0 0.6822835012789185 0.2471811172225851
 81.5 0.6830967269014410 0.2487466283006252
 82.0 0.6773228416110527 0.2591018910772181
 82.5 0.6797323918730993 0.2589647744306429
 83.0 0.6768374247128266 0.2615248726275510
 83.5 0.6930359861331465 0.2249643379183863
 84.0 0.6962358883941804 0.2246216183181301
 84.5 0.6899859113321138 0.2211136511856812
 85.0 0.6942257081156392 0.2201767211479254
 85.5 0.6944979748094826 0.2219787470201788
 86.0 0.6883962393492019 0.2343291227310253
 86.5 0.6902410520003360 0.2354610039503998
 87.0 0.6853207527594115 0.2358826360641063
 87.5 0.6939977531992605 0.2158909857872404
 88.0 0.7004943691868845 0.2172822199880475
 88.5 0.6936109392500733 0.2161492029760620
 89.0 0.6948565852471009 0.2164953318086122
 89.5 0.6974465400710281 0.2165525772196577
 90.0 0.6948881476887433 0.2315249964671058
 90.5 0.6827275040472622 0.2530415244031698
 91.0 0.6785074108024987 0.2506526579443837
 91.5 0.6809534544882865 0.2399112897462264
 92.0 0.6891820482702959 0.2426998976001448
 92.5 0.6828471074897283 0.2426444504084932
 93.0 0.6841079501676202 0.2422549023427376
 93.5 0.6860110404477939 0.2427391076781052
 94.0 0.6796136219125390 0.2565902140152434
 94.5 0.6792591858103846 0.2604876634224406
 95.0 0.6746763119356397 0.2612941463603365
 95.5 0.6860722583770684 0.2384817036763377
 96.0 0.6909730681930126 0.2390855974092612
 96.5 0.6839398214485009 0.2357644914467057
 97.0 0.6880155128236499 0.2347305535499233
 97.5 0.6881818154315361 0.2366537149433100
 98.0 0.6826120388062354 0.2467214565449759
 98.5 0.6853114217918593 0.2464567834619217
 99.0 0.6813972812666390 0.2484637413280204
 99.5 0.6956198929935272 0.2165817241291529
100.0 0.7002744298256954 0.2170392669617089
100.5 0.6933906924037055 0.2145323649181546
101.0 0.6963126175062184 0.2138962290543124
101.5 0.6978800770666446 0.2148091463176669
102.0 0.6918628126167413 0.2313601925810320
102.5 0.6885122647376607 0.2397316580022783
103.0 0.6838198513437964 0.2382525470303561
103.5 0.6877664745141560 0.2256409072781868
104.0 0.6955521038173338 0.2279355864953508
104.5 0.6892826652896911 0.2279726006609741
105.0 0.6897355055426018 0.2286127952122317
105.5 0.6924299979748870 0.2284560595376050
106.0 0.6884324512288703 0.2443097495752509
106.5 0.6787695661824512 0.2619233166465218
107.0 0.6741208423542945 0.2603978073468838
107.5 0.6794640554612367 0.2478523119753026
108.0 0.6867216681390845 0.2500594718159120
108.5 0.6794468488921255 0.2479928507894924
109.0 0.6825375724687006 0.2468057868886903
109.5 0.6831673746855828 0.2484291889314128
110.0 0.6776553538924528 0.2580534301013076
110.5 0.6802840414814588 0.2577094087105238
111.0 0.6774330113429100 0.2604261016405877
111.5 0.6938757586433603 0.2226940777371496
112.0 0.6973179908702855 0.2226188279808826
112.5 0.6910531269915662 0.2192128527654671
113.0 0.6951019305084790 0.2179602911013370
113.5 0.6955478192695781 0.2195379305639051
114.0 0.6895029939197360 0.2320049991626314
114.5 0.6909950800031012 0.2338866042910145
115.0 0.6859010817313155 0.2336773292794480
115.5 0.6935295626775060 0.2148065709209080
116.0 0.7005491101195133 0.2165478412274723
116.5 0.6940268548449009 0.2161071215202194
117.0 0.6947541117382207 0.2166591889322068
117.5 0.6975972044642564 0.2163355425153105
118.0 0.6965068110235610 0.2283732753479949
118.5 0.6820598659152849 0.2547109743772957
119.0 0.6782268150388168 0.2517974731573084
119.5 0.6795992847553931 0.2410991695070024
120.0 0.6880454451322382 0.2440106900406434
120.5 0.6822818732952137 0.2447101049835686
121.0 0.6832532844129807 0.2442906979665805
121.5 0.6852402300333625 0.2444889555979486
122.0 0.6791319806847738 0.2573634269806180
122.5 0.6788479211189424 0.2615554112028346
123.0 0.6740438198111740 0.2620940840128514
123.5 0.6860545073884170 0.2375300922691555
124.0 0.6913798384070989 0.2385537592066593
124.5 0.6844362857591237 0.2354980760719494
125.0 0.6882973125162446 0.2340339364835825
125.5 0.6885732007615182 0.2357199014891501
126.0 0.6831413640611250 0.2454529489468600
126.5 0.6858190271083715 0.2454336163796159
127.0 0.6814475229458841 0.2471157404720963
127.5 0.6957022349899994 0.2148471915383552
128.0 0.7009861245397416 0.2157492496449041
128.5 0.6941647765476505 0.2137300710246704
129.0 0.6966776226421747 0.2128853329929536
129.5 0.6985223081342020 0.2133721052472567
130.0 0.6933719494958335 0.2287802209407251
130.5 0.6884214401833203 0.2401770393932223
131.0 0.6839030266735077 0.2379758849025848
131.5 0.6867989683587131 0.2255289588811139
132.0 0.6948822775248172 0.2280597796431032
132.5 0.6892561405135578 0.2289185969649471
133.0 0.6893038670171449 0.2296884708291937
133.5 0.6921522812227457 0.2291639730218535
134.0 0.6890048589867613 0.2428336272002265
134.5 0.6782802003121691 0.2632756547587171
135.0 0.6736238839965760 0.2610933788498399
135.5 0.6783626846792024 0.2480152725365561
136.0 0.6861509846166420 0.2507123684504839
136.5 0.6792727758662773 0.2493755525594482
137.0 0.6820853243879546 0.2478649356607684
137.5 0.6828047723721132 0.2492080181498157
138.0 0.6775033740421268 0.2582683218246715
138.5 0.6801708408442013 0.2580505661858079
139.0 0.6768761100494854 0.2607502517641092
139.5 0.6933458937874628 0.2229464706440991
140.0 0.6973636301974477 0.2234011500462298
140.5 0.6910991189665833 0.2201529186641638
141.0 0.6949837782637682 0.2182828261756832
141.5 0.6954856478407302 0.2195785671541476
142.0 0.6897925878164777 0.2308773215919517
142.5 0.6914930109021091 0.2329784981441023
143.0 0.6861714312049014 0.2322216199449318
143.5 0.6939840618281858 0.2115718031831254
144.0 0.7013222399126574 0.2135891027034866
144.5 0.6952906092889048 0.2138776830408458
145.0 0.6956909068350422 0.2144489316644771
145.5 0.6987443881604117 0.2136977274914695
146.0 0.6981312891629770 0.2225250939512709
146.5 0.6828326428848477 0.2530621354790263
147.0 0.6801486400185933 0.2500645514116221
147.5 0.6799839148213284 0.2397381904082216
148.0 0.6879670864981970 0.2416621746154158
148.5 0.6833616313302660 0.2435197951508602
149.0 0.6834839878158715 0.2436867815242523
149.5 0.6859464202153475 0.2431193543193472
150.0 0.6805967635438478 0.2552905872147094
150.5 0.6781104073578647 0.2637560429419897
151.0 0.6728176825178458 0.2626175036915689
151.5 0.6826632148845478 0.2408837322316337
152.0 0.6894558658313021 0.2430502956614171
152.5 0.6827466978589725 0.2411136970754713
153.0 0.6860906735922553 0.2390725152739438
153.5 0.6865548772850230 0.2403384494936261
154.0 0.6814810512830292 0.2489492657310314
154.5 0.6843182726876073 0.2489690123856991
155.0 0.6797180795824691 0.2506228507555530
155.5 0.6957987996556136 0.2130297222849256
156.0 0.7014135217428396 0.2143404489726013
156.5 0.6949644189249330 0.2127883576967940
157.0 0.6974902904104354 0.2112031238555074
157.5 0.6993082475398237 0.2112987064974313
158.0 0.6946315818979367 0.2241183353086138
158.5 0.6906320603284632 0.2355318843772883
159.0 0.6864347784666184 0.2327764107961162
159.5 0.6887566043084568 0.2196355474307524
160.0 0.6965897109019832 0.2216156639165028
160.5 0.6920467957540534 0.2234877816127276
161.0 0.6912603256689053 0.2250308585467214
161.5 0.6946134790282540 0.2237776512215535
162.0 0.6933096942149305 0.2309957773843975
162.5 0.6783069664780412 0.2635031381639479
163.0 0.6756155328573455 0.2604451273671278
163.5 0.6761245658289035 0.2485562967044346
164.0 0.6842964804284593 0.2506943494867755
164.5 0.6792990647139450 0.2521486676451453
165.0 0.6806122606292283 0.2509279763111964
165.5 0.6821733262564331 0.2509762188930582
166.0 0.6768445183549832 0.2600933710727598
166.5 0.6788161618500045 0.2617769034791088
167.0 0.6737078577761949 0.2626608158585912
167.5 0.6904384290149047 0.2246205481286507
168.0 0.6962832376876790 0.2263666273445001
168.5 0.6901207103261802 0.2245122653066464
169.0 0.6934063130867442 0.2219022181409346
169.5 0.6942786636212924 0.2224577701619700
170.0 0.6890109055209209 0.2322106880492065
170.5 0.6907723200127583 0.2352496702409087
171.0 0.6851679795484594 0.2334062723939808
171.5 0.6936273983911704 0.2096937119628856
172.0 0.7012554895190363 0.2119199568395805
172.5 0.6959468593550365 0.2131058338546231
173.0 0.6961988035361385 0.2134129596431812
173.5 0.6994012540423362 0.2121894015731191
174.0 0.6975574716222225 0.2189852176627255
174.5 0.6835066227718190 0.2513299361341267
175.0 0.6824425292704345 0.2493992518181844
175.5 0.6817510695160055 0.2391371442263181
176.0 0.6884359525261654 0.2387582643945919
176.5 0.6847477509625532 0.2410678078660923
177.0 0.6843344196978195 0.2417379643935436
177.5 0.6871823556509442 0.2405212712093542
178.0 0.6830038714640373 0.2502656926728085
178.5 0.6783160493965601 0.2641221311924565
179.0 0.6731518908726619 0.2611398950491913
179.5 0.6802444876079298 0.2407437552776201
180.0 0.6882403155175260 0.2436397551634089
180.5 0.6824588319368332 0.2437073441066766
181.0 0.6849848683596562 0.2414483964604549
181.5 0.6859429058210111 0.2418794411877316
182.0 0.6809437075153465 0.2500823415468754
182.5 0.6836340857758419 0.2510757239380494
183.0 0.6780658566426799 0.2513086025274605
183.5 0.6939791324728383 0.2130124832066801
184.0 0.7005883361679339 0.2150968121972502
184.5 0.6946829922959790 0.2147405157599547
185.0 0.6968966436417355 0.2127539248417250
185.5 0.6989085968111605 0.2122537755904118
186.0 0.6947272516430142 0.2225402050009537
186.5 0.6911122695593439 0.2349317222206952
187.0 0.6876719352078215 0.2322687841068303
187.5 0.6900335184039226 0.2186392378494637
188.0 0.6970066802123451 0.2190653235307134
188.5 0.6931885248479810 0.2212876562485368
189.0 0.6921026348232638 0.2230640265185624
189.5 0.6957213787115664 0.2214589126305681
190.0 0.6927432848359010 0.2262614178011232
190.5 0.6786372694575273 0.2614308725323013
191.0 0.6787932400285966 0.2603856236871303
191.5 0.6778394966510681 0.2493910009532530
192.0 0.6842905136288308 0.2483318178303476
192.5 0.6804870296486168 0.2505578376587977
193.0 0.6809368875022982 0.2500630210854587
193.5 0.6831148317341144 0.2491557427017133
194.0 0.6779856833548329 0.2577772181939861
194.5 0.6789177730044824 0.2626279818596465
195.0 0.6728550129791379 0.2608005782649674
195.5 0.6875687252134378 0.2255997076377972
196.0 0.6948230753576367 0.2281777619957435
196.5 0.6892083706393659 0.2280947441907678
197.0 0.6918145015390146 0.2254774946824429
197.5 0.6931615773420271 0.2252845020436982
198.0 0.6881263588239913 0.2341268141053551
198.5 0.6895442749639381 0.2387629941209870
199.0 0.6840548834458843 0.2360872901578938
199.5 0.6926158886449313 0.2114733433704084
200.0 0.7001624822360395 0.2132645088642478
200.5 0.6953717465037641 0.2149330232427937
201.0 0.6956028615667464 0.2150081005855809
201.5 0.6988620247330903 0.2135177887095362
202.0 0.6960396890241122 0.2194070558833068
202.5 0.6840616841828798 0.2497643894647606
203.0 0.6837997745272090 0.2486494154297292
203.5 0.6833690079047318 0.2379126617295528
204.0 0.6893131432628151 0.2361406071129987
204.5 0.6859633275095517 0.2384449973660022
205.0 0.6853870170646779 0.2392914260703400
205.5 0.6884584920240102 0.2377682762183461
206.0 0.6847644893266719 0.2455929353515215
206.5 0.6790286198641639 0.2629582190132902
207.0 0.6748170007621987 0.2597344266369686
207.5 0.6800693266986603 0.2404189025204316
208.0 0.6879500270709255 0.2424595555533491
208.5 0.6829162480703972 0.2436482089587977
209.0 0.6848302320283259 0.2416467436307565
209.5 0.6862433247279276 0.2413981487871045
210.0 0.6812108468691834 0.2495096796923106
210.5 0.6835240551751733 0.2520128956170330
211.0 0.6774198292983574 0.2506052231034989
211.5 0.6924537183109878 0.2137233002225309
212.0 0.6996784228438392 0.2160771531239702
212.5 0.6942054331367873 0.2166258437300634
213.0 0.6960311907171133 0.2147751949219582
213.5 0.6983070328490647 0.2138567489921250
214.0 0.6944598076025426 0.2227220019592658
214.5 0.6903538674909835 0.2368349977146272
215.0 0.6876795919918771 0.2346106535104314
215.5 0.6899563611125107 0.2209012015533554
216.0 0.6963029179346230 0.2201755710019517
216.5 0.6927634088855069 0.2224254757704144
217.0 0.6916946381392164 0.2240834058735514
217.5 0.6953660885334825 0.2223767880948051
218.0 0.6917383865532301 0.2266576601967953
218.5 0.6782708499093903 0.2619022626740595
219.0 0.6788013057055340 0.2613110443202759
219.5 0.6782378762019152 0.2496536202574981
220.0 0.6843729416284847 0.2479871861128168
220.5 0.6806515199114147 0.2501948798636199
221.0 0.6812011202131312 0.2495561294182143
221.5 0.6833639551808578 0.2485247670742451
222.0 0.6783201366904302 0.2565703165051553
222.5 0.6795838622492807 0.2614528516870225
223.0 0.6733803266290984 0.2591288646810775
223.5 0.6883016077860257 0.2229014992584385
224.0 0.6956782072425990 0.2253747575926129
224.5 0.6903492238178254 0.2258358337715788
225.0 0.6927045912454410 0.2232695000332031
225.5 0.6943452450029186 0.2226650118718702
226.0 0.6895143946311115 0.2311171097894851
226.5 0.6901657499493261 0.2377698391912562
227.0 0.6854509196806119 0.2349515023333983
227.5 0.6923530689024749 0.2131387363481853
228.0 0.6994529489082204 0.2138629377378183
228.5 0.6951893590120212 0.2158680733043258
229.0 0.6949742232269792 0.2164121855079991
229.5 0.6984956375044169 0.2147089463071222
230.0 0.6948234911858724 0.2191436802742269
230.5 0.6824279485657334 0.2520360839698370
231.0 0.6834865274023000 0.2519184667874416
231.5 0.6825789966398639 0.2416158771258750
232.0 0.6880408576618551 0.2386940753597731
232.5 0.6849283358626840 0.2409380483004195
233.0 0.6843866741118936 0.2416930819405491
233.5 0.6874490912792699 0.2400593989156851
234.0 0.6834414698036052 0.2472236291372301
234.5 0.6793258764020428 0.2625787968234879
235.0 0.6751870651949886 0.2594781262347966
235.5 0.6814893466853696 0.2378652413902552
236.0 0.6890746402904288 0.2393708880801133
236.5 0.6842632678069288 0.2407595257099506
237.0 0.6860922429968171 0.2387319623443133
237.5 0.6876761264947954 0.2381609701744679
238.0 0.6826924805744018 0.2460412906641796
238.5 0.6847760623959739 0.2497422300610780
239.0 0.6786541846386730 0.2472870265954891
239.5 0.6922372394295365 0.2130285562089939
240.0 0.6996528952715310 0.2151051391660901
240.5 0.6945635121954365 0.2163089756410713
241.0 0.6958878443860531 0.2149099589211971
241.5 0.6985521753331501 0.2136089608906263
242.0 0.6951469790883279 0.2209826458828689
242.5 0.6891067430481077 0.2392891181254909
243.0 0.6877254522757118 0.2378444577492800
243.5 0.6890961752211178 0.2252968846016975
244.0 0.6947612937107123 0.2232558979048265
244.5 0.6915552653728425 0.2254854293818070
245.0 0.6903981344977932 0.2271841829343177
245.5 0.6941029264553702 0.2254179995695796
246.0 0.6901023338188662 0.2294070428007864
246.5 0.6777237305024932 0.2632082672452612
247.0 0.6781719686628966 0.2627040163604411
247.5 0.6782487178660168 0.2499654039642983
248.0 0.6843258378154098 0.2482054748801604
248.5 0.6805325315292546 0.2503540083491625
249.0 0.6813302833746515 0.2494050847274143
249.5 0.6833567664201768 0.2483889584753438
250.0 0.6783538754490365 0.2559921206918138
250.5 0.6801915524358216 0.2602025355512637
251.0 0.6738538119398999 0.2578079903050394
251.5 0.6893671145666321 0.2202549125221472
252.0 0.6966825771656873 0.2225465809061974
252.5 0.6915304448060007 0.2232488020533394
253.0 0.6938033450577318 0.2206260807061311
253.5 0.6956267036063450 0.2197418747037208
254.0 0.6910166062905178 0.2276664476177963
254.5 0.6910225020870157 0.2359889144426225
255.0 0.6872779945224378 0.2335872362197620
255.5 0.6929809381186863 0.2138528753689404
256.0 0.6993572859689933 0.2132369272641498
256.5 0.6955588395651184 0.2153679423821894
257.0 0.6948826334784318 0.2164621052086141
257.5 0.6987010286264329 0.2146436585368510
258.0 0.6939821406939334 0.2175483771468501
258.5 0.6805530468833796 0.2530340258899209
259.0 0.6833932221136748 0.2542120119322009
259.5 0.6816684650166495 0.2453256255113139
260.0 0.6867663666231369 0.2411430660244969
260.5 0.6840128041627258 0.2432380433401566
261.0 0.6833146843982086 0.2441634697809171
261.5 0.6864895222903648 0.2423774897068121
262.0 0.6822900799706232 0.2485563515974906
262.5 0.6789082510513414 0.2637304022629594
263.0 0.6752174251252727 0.2609664441984333
263.5 0.6822071317467550 0.2374199053818953
264.0 0.6893805385333750 0.2381406376131133
264.5 0.6848088525205581 0.2397051883249132
265.0 0.6866030935238706 0.2376017558635181
265.5 0.6882891856471980 0.2367532814539541
266.0 0.6833877583333410 0.2441011287390799
266.5 0.6855238752836579 0.2485774851777144
267.0 0.6795870084591299 0.2456431922116381
267.5 0.6928223101220413 0.2118869746937768
268.0 0.7000483289582263 0.2132705268091849
268.5 0.6953196420295922 0.2148683091707654
269.0 0.6963094934959865 0.2137519971528637
269.5 0.6993123695258490 0.2121258067276041
270.0 0.6956840699394909 0.2176511810629373
270.5 0.6883960894765950 0.2395485869207230
271.0 0.6886683887730748 0.2392356457471481
271.5 0.6890528023150471 0.2280851630668844
272.0 0.6940143000926673 0.2243638979916272
272.5 0.6912685789857531 0.2264262128086958
273.0 0.6898107480018902 0.2284639350028485
273.5 0.6937307810838959 0.2266622997566320
274.0 0.6887561739902079 0.2293005850057371
274.5 0.6763735529464465 0.2639152257424929
275.0 0.6782891250574976 0.2646438413728689
275.5 0.6781945410934765 0.2523923167195791
276.0 0.6836486040733519 0.2492854902530814
276.5 0.6801368253749837 0.2514282706429602
277.0 0.6808685073370296 0.2505225366112634
277.5 0.6829727588407766 0.2492596667702087
278.0 0.6780320187531473 0.2561792358688390
278.5 0.6801919701597949 0.2607236970146283
279.0 0.6737622979369510 0.2577935096830791
279.5 0.6890814802991569 0.2211040933223099
280.0 0.6962447175616939 0.2228273386881647
280.5 0.6914095750700867 0.2238548539217961
281.0 0.6937122545088940 0.2209713506686133
281.5 0.6955919430907328 0.2197912569043649
282.0 0.6910300442684302 0.2266246468027306
282.5 0.6914969692250407 0.2351344921999166
283.0 0.6884782549356105 0.2333675423243548
283.5 0.6948957018436346 0.2122385647476615
284.0 0.7004033790025798 0.2101743366100829
284.5 0.6969162483257909 0.2122331007286593
285.0 0.6960087735572875 0.2135438873783152
285.5 0.7001815026646570 0.2117074374247316
286.0 0.6941824290016667 0.2126665403860726
286.5 0.6797830071735579 0.2486331519096706
287.0 0.6848478498660746 0.2513426331096869
287.5 0.6821996178940218 0.2454221147419175
288.0 0.6870719275454522 0.2397106559427666
288.5 0.6850305621369170 0.2412733698081265
289.0 0.6835918308296107 0.2431254510953709
289.5 0.6873945919309657 0.2412152938585615
290.0 0.6822688565519878 0.2442214550966024
290.5 0.6767738058284696 0.2661214684028326
291.0 0.6764793917224056 0.2657975059077806
291.5 0.6809170661877720 0.2454976209827712
292.0 0.6865754783760042 0.2433294210941176
292.5 0.6826379809053278 0.2452454708960767
293.0 0.6841349083251398 0.2433674328703949
293.5 0.6859791280507945 0.2420854275433107
294.0 0.6811244357675430 0.2483321631353023
294.5 0.6839309232456753 0.2529203530105942
295.0 0.6779192815679461 0.2498059422105862
295.5 0.6927964601667190 0.2139000921907722
296.0 0.6994169047014881 0.2141667226259776
296.5 0.6949596707566313 0.2158252824565480
297.0 0.6963869184221637 0.2138927081827724
297.5 0.6993291768397886 0.2120098271666720
298.0 0.6948463093670805 0.2161092467120087
298.5 0.6904542643454012 0.2331702713700862
299.0 0.6916128121074274 0.2337994064564730
299.5 0.6928721600287291 0.2222052927865264
300.0 0.6971956202457186 0.2163845769549446
