#
# Circular speeds of disk models
#
#  Column 1: distance from center [units = disk scale length R_d]
#  Column 2: circular velocity - point disk [units = (GM_d/R_d)^1/2]
#  Column 3: circular velocity - spherical disk [units = (GM_d/R_d)^1/2]
#  Column 4: circular velocity - exponential disk [units = (GM_d/R_d)^1/2]
#
  R/Rd          vc_point     vc_sphere    vc_exp
  0.00499999989  14.1421366  0.0499146692  0.0083721457
  0.0210320652  6.89539337  0.101831071  0.0303737111
  0.0370641276  5.19425344  0.134469435  0.0497636795
  0.0530961901  4.33978605  0.160085425  0.0676526278
  0.0691282526  3.80340171  0.181690514  0.0844435319
  0.085160315  3.4267416  0.200595573  0.100354068
  0.101192378  3.14359164  0.217506677  0.115522675
  0.11722444  2.92072654  0.232865557  0.130046025
  0.13325651  2.73940206  0.246969953  0.14399603
  0.14928858  2.58813381  0.260029852  0.157428354
  0.16532065  2.45944118  0.272196412  0.17038767
  0.18135272  2.34821558  0.283591509  0.1829108
  0.19738479  2.25083232  0.294309705  0.195028543
  0.21341686  2.16463971  0.304426342  0.206767276
  0.229448929  2.08764648  0.314002186  0.218149737
  0.245480999  2.01832485  0.323090672  0.229195938
  0.261513054  1.95547974  0.331735075  0.239923462
  0.277545124  1.89816177  0.339972258  0.250348181
  0.293577194  1.84560549  0.347834975  0.260484219
  0.309609264  1.7971859  0.355350703  0.270344377
  0.325641334  1.75238788  0.362544954  0.279940426
  0.341673404  1.71078086  0.369439244  0.289283097
  0.357705474  1.67200351  0.37605226  0.298382103
  0.373737544  1.63574898  0.382402331  0.307246655
  0.389769614  1.60175467  0.388504416  0.315885216
  0.405801684  1.56979549  0.394372761  0.324305564
  0.421833754  1.53967595  0.400020033  0.33251518
  0.437865824  1.51122618  0.405458272  0.340520889
  0.453897893  1.48429728  0.410697997  0.348329157
  0.469929963  1.45875859  0.415749192  0.355946094
  0.485962033  1.43449438  0.420620292  0.363377482
  0.501994073  1.41140187  0.425320029  0.370628685
  0.518026114  1.38938999  0.429856598  0.377704948
  0.534058154  1.36837685  0.434236437  0.38461116
  0.550090194  1.34828913  0.43846646  0.391352117
  0.566122234  1.32906091  0.442553043  0.397932112
  0.582154274  1.31063259  0.446502209  0.404355317
  0.598186314  1.29295015  0.450319111  0.410626054
  0.614218354  1.2759645  0.454008698  0.416748047
  0.630250394  1.25963128  0.457576245  0.422725081
  0.646282434  1.2439096  0.461026192  0.428560704
  0.662314475  1.22876227  0.464362949  0.434258342
  0.678346515  1.2141552  0.467590183  0.439821303
  0.694378555  1.20005691  0.470711887  0.445252836
  0.710410595  1.18643856  0.473731965  0.450555921
  0.726442635  1.17327368  0.476653695  0.455733597
  0.742474675  1.16053748  0.479480147  0.460788667
  0.758506715  1.14820719  0.482214779  0.465724021
  0.774538755  1.13626182  0.48486051  0.470542133
  0.790570796  1.12468171  0.487420142  0.475245565
  0.806602836  1.1134485  0.489896238  0.479836971
  0.822634876  1.10254526  0.492291361  0.484318793
  0.838666916  1.09195626  0.494608283  0.488693297
  0.854698956  1.08166659  0.496849149  0.492962629
  0.870730996  1.07166243  0.499016285  0.497129202
  0.886763036  1.06193078  0.501111805  0.501195133
  0.902795076  1.05245948  0.503137946  0.505162418
  0.918827116  1.04323733  0.505096555  0.509033024
  0.934859157  1.03425324  0.506989419  0.512809277
  0.950891197  1.02549744  0.508818686  0.516492665
  0.966923237  1.01696026  0.510586083  0.520085216
  0.982955277  1.0086329  0.51229322  0.523588777
  0.998987317  1.00050676  0.513941705  0.527005136
  1.01501942  0.992573857  0.515533149  0.530335844
  1.03105152  0.984826684  0.517069161  0.533582747
  1.04708362  0.977258146  0.51855123  0.536747634
  1.06311572  0.969861567  0.519980729  0.539831698
  1.07914782  0.962630332  0.521358907  0.542836785
  1.09517992  0.955558479  0.522687376  0.545764446
  1.11121202  0.948640168  0.523967147  0.548615932
  1.12724411  0.941870093  0.525199771  0.551392913
  1.14327621  0.935242891  0.526386023  0.554096758
  1.15930831  0.928753674  0.527527392  0.556728721
  1.17534041  0.922397673  0.528624952  0.55929029
  1.19137251  0.916170299  0.529679775  0.561782718
  1.20740461  0.910067499  0.530692935  0.564207554
  1.22343671  0.904084921  0.531665325  0.566565633
  1.23946881  0.89821887  0.532598138  0.568858504
  1.25550091  0.892465591  0.533492267  0.571087122
  1.27153301  0.886821449  0.534348607  0.573252976
  1.28756511  0.881283045  0.535168171  0.57535702
  1.30359721  0.875847101  0.535951734  0.577400565
  1.31962931  0.870510578  0.536700249  0.579384685
  1.33566141  0.865270317  0.537414372  0.581310272
  1.35169351  0.860123634  0.538095117  0.583178639
  1.36772561  0.85506773  0.538743198  0.58499068
  1.38375771  0.850099862  0.539359391  0.586747289
  1.39978981  0.845217705  0.53994441  0.588449836
  1.41582191  0.840418696  0.540499091  0.590099096
  1.43185401  0.835700452  0.54102397  0.591696143
  1.44788611  0.831060767  0.54151988  0.593241751
  1.46391821  0.826497555  0.54198736  0.594736814
  1.47995031  0.822008729  0.542427182  0.596182525
  1.49598241  0.817592204  0.542840004  0.597579777
  1.51201451  0.813246131  0.543226361  0.598929048
  1.52804661  0.808968663  0.54358685  0.600231469
  1.54407871  0.804757953  0.543922067  0.601488054
  1.56011081  0.80061233  0.544232666  0.60269922
  1.57614291  0.796530068  0.544519126  0.6038661
  1.59217501  0.792509735  0.544782102  0.604989529
  1.60820711  0.788549602  0.545021892  0.606069922
  1.62423921  0.784648299  0.545239329  0.607108653
  1.64027131  0.780804276  0.545434654  0.608105838
  1.65630341  0.777016163  0.545608461  0.609062433
  1.67233551  0.773282707  0.545761287  0.609979391
  1.68836761  0.769602597  0.545893669  0.610857308
  1.7043997  0.765974402  0.546005845  0.611696601
  1.7204318  0.76239717  0.546098351  0.612498403
  1.7364639  0.758869529  0.546171725  0.613263309
  1.752496  0.755390465  0.546226382  0.613991618
  1.7685281  0.751958728  0.546262562  0.614684463
  1.7845602  0.748573422  0.546280921  0.6153422
  1.8005923  0.745233417  0.54628163  0.615965605
  1.8166244  0.741937697  0.546265304  0.616555154
  1.8326565  0.73868531  0.546232164  0.617111325
  1.8486886  0.735475302  0.546182632  0.617635131
  1.8647207  0.732306838  0.546117127  0.618127108
  1.8807528  0.729179025  0.546036065  0.618587554
  1.8967849  0.726090848  0.545939565  0.619017065
  1.912817  0.723041594  0.545828044  0.619416714
  1.9288491  0.720030487  0.545701981  0.619786203
  1.9448812  0.717056632  0.545561671  0.620126486
  1.9609133  0.714119375  0.545407295  0.620438397
  1.9769454  0.71121788  0.545239329  0.620722175
  1.9929775  0.708351493  0.545057952  0.620978057
  2.0090096  0.705519438  0.544863522  0.621207356
  2.02504158  0.702721179  0.544656396  0.621409833
  2.04107356  0.699955881  0.544436693  0.621586025
  2.05710554  0.697223008  0.544204891  0.621736467
  2.07313752  0.694521904  0.543961227  0.621862233
  2.0891695  0.691851974  0.543705821  0.621963382
  2.10520148  0.689212561  0.54343915  0.622040033
  2.12123346  0.686603129  0.543161273  0.622092903
  2.13726544  0.684023082  0.542872548  0.622122765
  2.15329742  0.681472003  0.542573273  0.622129202
  2.1693294  0.678949118  0.542263508  0.622113645
  2.18536139  0.676454186  0.541943789  0.622075796
  2.20139337  0.673986435  0.541613996  0.62201637
  2.21742535  0.671545565  0.541274667  0.621936023
  2.23345733  0.669131041  0.54092586  0.621834636
  2.24948931  0.666742325  0.540567815  0.621712685
  2.26552129  0.66437906  0.54020083  0.621571302
  2.28155327  0.66204071  0.539825022  0.621409833
  2.29758525  0.659726858  0.539440632  0.621229053
  2.31361723  0.657437146  0.539047837  0.621029735
  2.32964921  0.655171156  0.538646996  0.620811522
  2.34568119  0.652928293  0.538237989  0.620575547
  2.36171317  0.650708377  0.537821233  0.620321453
  2.37774515  0.648510993  0.537396967  0.620050251
  2.39377713  0.646335661  0.536965132  0.619761407
  2.40980911  0.644182146  0.536526203  0.619456351
  2.42584109  0.642049968  0.536080122  0.619134963
  2.44187307  0.639938831  0.535627186  0.618796527
  2.45790505  0.637848377  0.535167515  0.618443131
  2.47393703  0.635778248  0.534701288  0.61807394
  2.48996902  0.633728206  0.534228683  0.617689788
  2.506001  0.631697834  0.533749819  0.617290497
  2.52203298  0.629686832  0.533264816  0.616877377
  2.53806496  0.627694905  0.532773972  0.616449177
  2.55409694  0.625721872  0.532277465  0.616007566
  2.57012892  0.623767197  0.531775177  0.615551829
  2.5861609  0.621830761  0.531267405  0.615083218
  2.60219288  0.619912326  0.530754387  0.614601076
  2.61822486  0.618011415  0.530236125  0.614105999
  2.63425684  0.616128027  0.529712856  0.613598883
  2.65028882  0.614261627  0.52918458  0.613079309
  2.6663208  0.612412155  0.528651536  0.612547398
  2.68235278  0.610579252  0.528113842  0.612003922
  2.69838476  0.608762741  0.527571619  0.611448765
  2.71441674  0.606962323  0.527024984  0.61088258
  2.73044872  0.60517782  0.526474059  0.61030513
  2.7464807  0.603408873  0.525918901  0.609717667
  2.76251268  0.601655424  0.52535975  0.609118342
  2.77854466  0.599917173  0.524796665  0.60850966
  2.79457664  0.598193944  0.524229765  0.607890487
  2.81060863  0.596485376  0.52365911  0.607261598
  2.82664061  0.594791412  0.523084879  0.606622994
  2.84267259  0.593111813  0.522507131  0.605975211
  2.85870457  0.59144634  0.521925926  0.605317771
  2.87473655  0.589794874  0.521341562  0.604651749
  2.89076853  0.588157058  0.52075386  0.603976786
  2.90680051  0.58653295  0.520163178  0.603292763
  2.92283249  0.584922135  0.519569457  0.602601647
  2.93886447  0.583324492  0.518972754  0.601901352
  2.95489645  0.581739902  0.518373311  0.601193666
  2.97092843  0.580168188  0.517771184  0.600477338
  2.98696041  0.578609109  0.517166376  0.599754274
  3.00299239  0.577062547  0.516559064  0.599023402
  3.01902437  0.575528264  0.51594919  0.598285258
  3.03505635  0.574006259  0.51533711  0.597540081
  3.05108833  0.572496176  0.514722586  0.596788228
  3.06712031  0.570998013  0.514105976  0.596029997
  3.08315229  0.569511533  0.51348722  0.595264733
  3.09918427  0.568036556  0.512866318  0.594493151
  3.11521626  0.566573024  0.512243509  0.593715668
  3.13124824  0.565120757  0.511618793  0.592932045
  3.14728022  0.563679576  0.510992289  0.592142761
  3.1633122  0.562249362  0.510364056  0.591347456
  3.17934418  0.560829997  0.509734035  0.590546846
  3.19537616  0.559421301  0.509102464  0.589740992
  3.21140814  0.558023214  0.508469403  0.588929594
  3.22744012  0.556635499  0.507834792  0.588113666
  3.2434721  0.555258095  0.507198751  0.587292373
  3.25950408  0.553890884  0.506561399  0.586466193
  3.27553606  0.552533746  0.505922794  0.585635543
  3.29156804  0.551186502  0.505282938  0.584800482
  3.30760002  0.549849093  0.50464195  0.58396095
  3.323632  0.54852134  0.503999829  0.583117366
  3.33966398  0.547203183  0.503356695  0.582269728
  3.35569596  0.545894444  0.502712548  0.581417739
  3.37172794  0.544595122  0.502067506  0.580562234
  3.38775992  0.54330498  0.501421571  0.579702854
  3.4037919  0.542023957  0.500774801  0.578840315
  3.41982388  0.540751994  0.500127256  0.577973902
  3.43585587  0.539488912  0.499479055  0.577102661
  3.45188785  0.538234651  0.49883014  0.576230228
  3.46791983  0.536989093  0.498180658  0.57535404
  3.48395181  0.535752177  0.497530609  0.57447511
  3.49998379  0.534523726  0.496879995  0.573593259
  3.51601577  0.533303678  0.496228904  0.572708905
  3.53204775  0.532091975  0.495577425  0.57182163
  3.54807973  0.530888498  0.494925618  0.570931971
  3.56411171  0.529693127  0.494273424  0.570040047
  3.58014369  0.528505802  0.493620932  0.569145143
  3.59617567  0.527326465  0.492968202  0.56824851
  3.61220765  0.526154935  0.492315263  0.56734997
  3.62823963  0.524991214  0.491662204  0.566448927
  3.64427161  0.523835123  0.491008937  0.565546274
  3.66030359  0.52268666  0.490355611  0.564641237
  3.67633557  0.521545768  0.489702284  0.563735127
  3.69236755  0.520412266  0.489048898  0.56282711
  3.70839953  0.519286156  0.488395572  0.561917305
  3.72443151  0.518167317  0.487742335  0.561006367
  3.7404635  0.517055631  0.487089097  0.560093343
  3.75649548  0.515951157  0.486436099  0.55918014
  3.77252746  0.514853656  0.485783219  0.558264971
  3.78855944  0.51376313  0.485130519  0.557348728
  3.80459142  0.512679577  0.484478146  0.556431413
  3.8206234  0.511602759  0.483825892  0.555513144
  3.83665538  0.510532737  0.483174026  0.554594636
  3.85268736  0.50946939  0.482522458  0.553674221
  3.86871934  0.508412659  0.481871247  0.552753448
  3.88475132  0.507362485  0.481220424  0.551832318
  3.9007833  0.506318867  0.480570078  0.550910354
  3.91681528  0.505281568  0.479920089  0.549988091
  3.93284726  0.504250646  0.479270607  0.549065292
  3.94887924  0.503225982  0.478621602  0.548142016
  3.96491122  0.502207577  0.477973133  0.547217846
  3.9809432  0.501195312  0.477325231  0.54629451
  3.99697518  0.500189185  0.476677924  0.545370102
  4.01300716  0.499189019  0.476031125  0.544446111
  4.02903938  0.498194844  0.47538498  0.543521702
  4.0450716  0.497206599  0.474739492  0.54259789
  4.06110382  0.496224225  0.474094719  0.541673303
  4.07713604  0.495247602  0.473450571  0.54074949
  4.09316826  0.494276762  0.472807199  0.539825916
  4.10920048  0.493311614  0.472164512  0.538902164
  4.1252327  0.492352068  0.471522599  0.537978351
  4.14126492  0.491398096  0.470881402  0.537055612
  4.15729713  0.490449667  0.47024107  0.536133468
  4.17332935  0.489506721  0.469601572  0.535211265
  4.18936157  0.4885692  0.468962878  0.534289241
  4.20539379  0.487637013  0.468325049  0.533368289
  4.22142601  0.486710131  0.467688024  0.532448053
  4.23745823  0.485788584  0.467052013  0.531528234
  4.25349045  0.484872192  0.466416836  0.53060919
  4.26952267  0.483960986  0.465782613  0.529690623
  4.28555489  0.483054847  0.465149254  0.528773129
  4.3015871  0.482153833  0.464516908  0.527856112
  4.31761932  0.481257826  0.463885546  0.526940525
  4.33365154  0.480366796  0.463255137  0.526026428
  4.34968376  0.479480714  0.462625802  0.525112271
  4.36571598  0.478599519  0.46199742  0.524199128
  4.3817482  0.477723122  0.461370081  0.523287594
  4.39778042  0.476851583  0.460743845  0.522377431
  4.41381264  0.475984782  0.460118651  0.521467507
  4.42984486  0.47512266  0.459494472  0.520558953
  4.44587708  0.474265218  0.458871424  0.51965189
  4.46190929  0.473412395  0.45824945  0.518746138
  4.47794151  0.472564191  0.457628667  0.517841399
  4.49397373  0.471720487  0.457008898  0.516937792
  4.51000595  0.470881283  0.456390321  0.516036272
  4.52603817  0.47004658  0.455772877  0.515135467
  4.54207039  0.469216257  0.455156595  0.514236569
  4.55810261  0.468390346  0.454541504  0.513338923
  4.57413483  0.467568815  0.453927577  0.512443423
  4.59016705  0.466751546  0.453314841  0.51154846
  4.60619926  0.465938509  0.452703238  0.510655344
  4.62223148  0.465129763  0.452092916  0.509763539
  4.6382637  0.464325219  0.451483816  0.50887394
  4.65429592  0.463524818  0.450875938  0.507985771
  4.67032814  0.46272856  0.450269282  0.507099092
  4.68636036  0.461936355  0.449663848  0.50621444
  4.70239258  0.461148232  0.449059695  0.505331039
  4.7184248  0.460364133  0.448456764  0.504449546
  4.73445702  0.459584028  0.447855145  0.503570139
  4.75048923  0.458807856  0.447254807  0.502691686
  4.76652145  0.458035618  0.44665572  0.501816213
  4.78255367  0.457267195  0.446057886  0.500941634
  4.79858589  0.456502706  0.445461392  0.500069439
  4.81461811  0.455742002  0.44486618  0.499199003
  4.83065033  0.454985112  0.44427231  0.498329997
  4.84668255  0.454231977  0.44367975  0.497463644
  4.86271477  0.453482598  0.443088561  0.496598542
  4.87874699  0.452736855  0.442498595  0.495736003
  4.89477921  0.451994807  0.441909999  0.494874746
  4.91081142  0.451256394  0.441322744  0.494016409
  4.92684364  0.450521559  0.4407368  0.493159562
  4.94287586  0.449790359  0.440152258  0.492304981
  4.95890808  0.449062705  0.439569086  0.491452575
  4.9749403  0.448338538  0.438987195  0.490601242
  4.99097252  0.447617888  0.438406706  0.489753455
  5.00700474  0.446900666  0.437827557  0.488906622
  5.02303696  0.4461869  0.43724981  0.48806271
  5.03906918  0.445476532  0.436673403  0.487220734
  5.05510139  0.444769591  0.436098397  0.486380249
  5.07113361  0.444065928  0.435524732  0.485542417
  5.08716583  0.443365663  0.434952497  0.484707117
  5.10319805  0.442668706  0.434381664  0.483873039
  5.11923027  0.441974968  0.433812141  0.483041942
  5.13526249  0.441284478  0.43324402  0.482212871
  5.15129471  0.440597266  0.432677358  0.481386095
  5.16732693  0.439913243  0.432112068  0.480561316
  5.18335915  0.439232409  0.431548178  0.479739249
  5.19939137  0.438554674  0.430985659  0.478919148
  5.21542358  0.437880069  0.430424541  0.478101224
  5.2314558  0.437208623  0.429864854  0.477286279
  5.24748802  0.436540246  0.429306597  0.47647199
  5.26352024  0.435874879  0.428749681  0.475661159
  5.27955246  0.435212612  0.428194255  0.474852353
  5.29558468  0.434553295  0.42764017  0.474046677
  5.3116169  0.433896959  0.427087486  0.473242044
  5.32764912  0.433243632  0.426536292  0.472440213
  5.34368134  0.432593226  0.425986439  0.471640915
  5.35971355  0.431945771  0.425438076  0.47084406
  5.37574577  0.431301177  0.424891114  0.470049798
  5.39177799  0.430659443  0.424345493  0.469257623
  5.40781021  0.430020601  0.423801333  0.468467087
  5.42384243  0.429384619  0.423258662  0.46767962
  5.43987465  0.428751409  0.422717303  0.466894776
  5.45590687  0.428121001  0.422177434  0.466111749
  5.47193909  0.427493364  0.421638936  0.465330571
  5.48797131  0.426868469  0.421101868  0.464552432
  5.50400352  0.426246345  0.420566231  0.463777512
  5.52003574  0.425626904  0.420032024  0.463004649
  5.53606796  0.425010145  0.419499189  0.462233514
  5.55210018  0.424396098  0.418967843  0.461464524
  5.5681324  0.423784673  0.418437839  0.460698485
  5.58416462  0.423175901  0.417909294  0.459934711
  5.60019684  0.422569722  0.417382121  0.459172666
  5.61622906  0.421966136  0.416856408  0.458414525
  5.63226128  0.421365142  0.416332096  0.457658201
  5.6482935  0.420766711  0.415809184  0.456904441
  5.66432571  0.420170814  0.415287673  0.456152588
  5.68035793  0.41957745  0.414767623  0.455403417
  5.69639015  0.418986619  0.414248973  0.454656482
  5.71242237  0.418398261  0.413731724  0.453912944
  5.72845459  0.417812347  0.413215876  0.45317018
  5.74448681  0.417228878  0.412701398  0.45243153
  5.76051903  0.416647911  0.412188381  0.451694399
  5.77655125  0.416069299  0.411676735  0.450959533
  5.79258347  0.415493131  0.411166519  0.450227052
  5.80861568  0.414919347  0.410657674  0.449497044
  5.8246479  0.414347917  0.41015026  0.448769867
  5.84068012  0.413778841  0.409644186  0.448045433
  5.85671234  0.41321215  0.409139603  0.447321862
  5.87274456  0.412647724  0.408636332  0.446602881
  5.88877678  0.412085623  0.40813446  0.44588536
  5.904809  0.411525816  0.40763402  0.44516933
  5.92084122  0.410968274  0.40713492  0.444455802
  5.93687344  0.410412997  0.406637222  0.443745852
  5.95290565  0.409859955  0.406140894  0.443038493
  5.96893787  0.409309179  0.405645996  0.442332745
  5.98497009  0.408760577  0.40515241  0.441629827
  6.00100231  0.408214182  0.404660225  0.440928847
  6.01703453  0.407669991  0.40416941  0.440230787
  6.03306675  0.407127976  0.403680027  0.439534545
  6.04909897  0.406588107  0.403191984  0.438841701
  6.06513119  0.406050354  0.402705252  0.43814984
  6.08116341  0.405514747  0.402219921  0.437460691
  6.09719563  0.404981285  0.401735961  0.43677482
  6.11322784  0.40444985  0.401253313  0.436090499
  6.12926006  0.403920591  0.400772095  0.435409248
  6.14529228  0.403393328  0.400292158  0.434729308
  6.1613245  0.402868181  0.399813622  0.434052408
  6.17735672  0.402345061  0.399336427  0.433378726
  6.19338894  0.401823968  0.398860574  0.432706505
  6.20942116  0.401304871  0.398386031  0.432037085
  6.22545338  0.400787801  0.39791286  0.431369931
  6.2414856  0.400272757  0.39744103  0.430704296
  6.25751781  0.39975962  0.396970481  0.430042058
  6.27355003  0.399248511  0.396501333  0.429382175
  6.28958225  0.398739338  0.396033466  0.428723723
  6.30561447  0.398232132  0.39556694  0.428067803
  6.32164669  0.397726834  0.395101756  0.427414775
  6.33767891  0.397223473  0.394637883  0.426762968
  6.35371113  0.396721989  0.394175291  0.426115394
  6.36974335  0.396222413  0.393714041  0.425469339
  6.38577557  0.395724714  0.393254071  0.424825191
  6.40180779  0.395228863  0.392795414  0.424182743
  6.41784  0.394734919  0.392338067  0.423543662
  6.43387222  0.394242823  0.391882062  0.422906965
  6.44990444  0.393752545  0.391427279  0.422271401
  6.46593666  0.393264055  0.390973777  0.421638787
  6.48196888  0.392777413  0.390521646  0.421008945
  6.4980011  0.392292589  0.390070766  0.420381606
  6.51403332  0.391809553  0.389621168  0.41975531
  6.53006554  0.391328305  0.389172852  0.419132531
  6.54609776  0.390848756  0.388725787  0.418510646
  6.56212997  0.390371025  0.388280004  0.417892069
  6.57816219  0.389895022  0.387835473  0.417276144
  6.59419441  0.389420778  0.387392253  0.416660547
  6.61022663  0.388948262  0.386950284  0.416047633
  6.62625885  0.388477445  0.386509538  0.415439159
  6.64229107  0.388008326  0.386070073  0.414831221
  6.65832329  0.387540907  0.385631859  0.414225847
  6.67435551  0.387075186  0.385194898  0.413621962
  6.69038773  0.386611134  0.384759158  0.41302067
  6.70641994  0.386148751  0.38432467  0.412421316
  6.72245216  0.385688007  0.383891404  0.411825269
  6.73848438  0.385228932  0.383459419  0.411231279
  6.7545166  0.384771466  0.383028597  0.410637796
  6.77054882  0.38431564  0.382599026  0.410047591
  6.78658104  0.383861423  0.382170677  0.409460634
  6.80261326  0.383408844  0.38174361  0.40887481
  6.81864548  0.382957816  0.381317675  0.408290327
  6.8346777  0.382508397  0.380892992  0.407708943
  6.85070992  0.382060558  0.380469471  0.407129556
  6.86674213  0.381614298  0.380047202  0.406551003
  6.88277435  0.381169587  0.379626125  0.405975491
  6.89880657  0.380726427  0.37920624  0.40540278
  6.91483879  0.380284786  0.378787518  0.404832602
  6.93087101  0.379844725  0.378370047  0.404262841
  6.94690323  0.379406154  0.377953708  0.403696269
  6.96293545  0.378969103  0.377538532  0.403132588
  6.97896767  0.378533572  0.377124608  0.402568221
  6.99499989  0.378099531  0.376711816  0.402008206
  7.0110321  0.37766701  0.376300216  0.401449978
  7.02706432  0.377235919  0.375889748  0.400893122
  7.04309654  0.376806319  0.375480443  0.400338352
  7.05912876  0.376378179  0.37507233  0.399786204
  7.07516098  0.375951499  0.37466535  0.399235249
  7.0911932  0.375526279  0.374259531  0.398687452
  7.10722542  0.37510252  0.373854876  0.398140788
  7.12325764  0.374680132  0.373451322  0.397595644
  7.13928986  0.374259233  0.373048991  0.397054344
  7.15532207  0.373839676  0.372647703  0.396514088
  7.17135429  0.37342158  0.372247577  0.39597404
  7.18738651  0.373004884  0.371848613  0.395438343
  7.20341873  0.372589558  0.371450752  0.394904435
  7.21945095  0.372175604  0.371053964  0.394370914
  7.23548317  0.371763051  0.370658338  0.393840939
  7.25151539  0.371351868  0.370263845  0.393312871
  7.26754761  0.370942056  0.369870484  0.392784178
  7.28357983  0.370533556  0.369478166  0.392259747
  7.29961205  0.370126456  0.369087011  0.391736567
  7.31564426  0.369720638  0.368696898  0.391217172
  7.33167648  0.36931619  0.368307889  0.390698612
  7.3477087  0.368913054  0.367919981  0.390181273
  7.36374092  0.36851126  0.367533207  0.389664531
  7.37977314  0.368110746  0.367147475  0.389151603
  7.39580536  0.367711544  0.366762817  0.388640672
  7.41183758  0.367313623  0.366379231  0.388130903
  7.4278698  0.366917014  0.365996748  0.38762334
  7.44390202  0.366521686  0.365615308  0.387117743
  7.45993423  0.36612764  0.365234971  0.386614233
  7.47596645  0.365734816  0.364855647  0.386111319
  7.49199867  0.365343302  0.364477426  0.385610014
  7.50803089  0.364953011  0.364100218  0.385112315
  7.52406311  0.364564002  0.363724083  0.384615928
  7.54009533  0.364176214  0.363348991  0.384121001
  7.55612755  0.363789678  0.362974972  0.38362813
  7.57215977  0.363404363  0.362601995  0.383136094
  7.58819199  0.363020241  0.362230003  0.382647485
  7.60422421  0.362637371  0.361859053  0.382160157
  7.62025642  0.362255692  0.361489147  0.381673425
  7.63628864  0.361875206  0.361120254  0.38118875
  7.65232086  0.361495942  0.360752434  0.380707622
  7.66835308  0.36111784  0.360385597  0.380226105
  7.6843853  0.36074096  0.360019773  0.379746646
  7.70041752  0.360365212  0.359654933  0.379270464
  7.71644974  0.359990656  0.359291106  0.378795326
  7.73248196  0.359617263  0.358928293  0.378319502
  7.74851418  0.359245032  0.358566493  0.377848566
  7.76454639  0.358873963  0.358205706  0.377377152
  7.78057861  0.358504027  0.357845873  0.376908541
  7.79661083  0.358135253  0.357487053  0.376441509
  7.81264305  0.357767612  0.357129246  0.375977546
  7.82867527  0.357401073  0.356772363  0.375513554
  7.84470749  0.357035697  0.356416494  0.375051409
  7.86073971  0.356671393  0.356061578  0.374591053
  7.87677193  0.356308222  0.355707645  0.374132782
  7.89280415  0.355946183  0.355354667  0.37367487
  7.90883636  0.355585217  0.355002671  0.373219252
  7.92486858  0.355225354  0.35465163  0.372766048
  7.9409008  0.354866564  0.354301542  0.372313172
  7.95693302  0.354508907  0.353952438  0.371864051
  7.97296524  0.354152292  0.353604227  0.371413618
  7.98899746  0.35379675  0.353257  0.370967656
  8.00502968  0.353442311  0.352910757  0.370521933
