#
# Density and circular speed profiles for three models
#  Jaffe (beta=4, gamma=2)
#  Hernquist (beta=4, gamma=1)
#  NFW (beta=3, gamma=1)
#
# Calculated by B. Ryden
# all are dimensionless, see Figure 6.3
#
   R/Rs             rho_Jaffe        rho_Hernquist    rho_NFW         vs_Jaffe         vs_Hernquist    vs_NFW            
   9.99999978E-03   9802.96094       97.0590134       98.0296021      0.995037138       7.00105652E-02   7.02361614E-02
   1.09647810E-02   8138.19336       88.2657013       89.2335052      0.994562328       7.32401088E-02   7.34879524E-02
   1.20226424E-02   6754.91162       80.2471085       81.2118912      0.994042337       7.66116381E-02   7.69023597E-02
   1.31825637E-02   5605.63525       72.9351730       73.8966522      0.993473232       8.01303908E-02   8.04601684E-02
   1.44543927E-02   4650.88135       66.2677994       67.2256622      0.992850304       8.38016197E-02   8.41917098E-02
   1.58489253E-02   3857.82178       60.1884079       61.1423302      0.992168486       8.76305997E-02   8.80728662E-02
   1.73779987E-02   3199.15894       54.6453552       55.5949821      0.991422594       9.16225910E-02   9.21413377E-02
   1.90545954E-02   2652.19556       49.5915642       50.5365143      0.990606666       9.57827717E-02   9.64012370E-02
   2.08929460E-02   2198.06348       44.9841652       45.9240189      0.989714444      0.100116260      0.100815296    
   2.29086578E-02   1821.07141       40.7839928       41.7183037      0.988738775      0.104628012      0.105425507    
   2.51188427E-02   1508.17700       36.9553871       37.8836632      0.987672269      0.109322764      0.110225908    
   2.75422595E-02   1248.53735       33.4658165       34.3875389      0.986506939      0.114204995      0.115237482    
   3.01994849E-02   1033.13770       30.2856159       31.2002258      0.985233843      0.119278848      0.120470472    
   3.31130736E-02   854.486572       27.3877831       28.2946777      0.983843625      0.124548040      0.125909835    
   3.63077596E-02   706.355896       24.7476673       25.6462002      0.982325971      0.130015746      0.131571412    
   3.98106650E-02   583.569519       22.3428097       23.2322903      0.980669975      0.135684580      0.137455076    
   4.36515212E-02   481.825928       20.1527367       21.0324345      0.978863776      0.141556293      0.143584162    
   4.78629395E-02   397.550537       18.1588058       19.0279369      0.976894736      0.147631913      0.149937734    
   5.24806641E-02   327.772919       16.3439960       17.2017403      0.974749327      0.153911307      0.156548589    
   5.75438961E-02   270.025452       14.6928339       15.5383167      0.972413063      0.160393313      0.163397208    
   6.30956218E-02   222.257767       13.1911869       14.0234919      0.969870746      0.167075321      0.170497745    
   6.91829696E-02   182.766891       11.8261852       12.6443558      0.967105806      0.173953250      0.177854389    
   7.58576095E-02   150.138504       10.5861111       11.3891487      0.964101076      0.181021333      0.185461089    
   8.31762105E-02   123.197945       9.46026897       10.2471390      0.960838556      0.188271865      0.193320379    
   9.12008882E-02   100.970032       8.43892002       9.20855618      0.957299113      0.195695058      0.201427698    
   9.99997780E-02   82.6450272       7.51316881       8.26448441      0.953462720      0.203278720      0.209787697    
  0.109647587       67.5509872       6.67491341       7.40680218      0.949308693      0.211008251      0.218389630    
  0.120226189       55.1303062       5.91675806       6.62810707      0.944815874      0.218866259      0.227225289    
  0.131825402       44.9203224       5.23193741       5.92163992      0.939961970      0.226832420      0.236291170    
  0.144543692       36.5373459       4.61427832       5.28124285      0.934724867      0.234883338      0.245569676    
  0.158489004       29.6631947       4.05812263       4.70129013      0.929081976      0.242992386      0.255051494    
  0.173779756       24.0341320       3.55828714       4.17664528      0.923010647      0.251129657      0.264717221    
  0.190545723       19.4316387       3.11001563       3.70261574      0.916488349      0.259261787      0.274548054    
  0.208929241       15.6747179       2.70893145       3.27490687      0.909493446      0.267352164      0.284521669    
  0.229086369       12.6135321       2.35100460       2.88958788      0.902004659      0.275360852      0.294610262    
  0.251188219       10.1240940       2.03251004       2.54305291      0.894002318      0.283244818      0.304785877    
  0.275422424       8.10388470       1.75000191       2.23199177      0.885468245      0.290958196      0.315015197    
  0.301994681       6.46819353       1.50028265       1.95335984      0.876385868      0.298452646      0.325262576    
  0.331130594       5.14706945       1.28037930       1.70435214      0.866741598      0.305677861      0.335489362    
  0.363077462       4.08282137       1.08752477       1.48238039      0.856524408      0.312582105      0.345652610    
  0.398106515       3.22790599      0.919136226       1.28505039      0.845726311      0.319112897      0.355709046    
  0.436515093       2.54320359      0.772805452       1.11014676      0.834343493      0.325217903      0.365609854    
  0.478629291       1.99656188      0.646283031      0.955613077      0.822375894      0.330845565      0.375307262    
  0.524806559       1.56160808      0.537472844      0.819542110      0.809827745      0.335946351      0.384749889    
  0.575438917       1.21674168      0.444422483      0.700160503      0.796708107      0.340473294      0.393887132    
  0.630956233      0.944315135      0.365320385      0.595821500      0.783030808      0.344383508      0.402666956    
  0.691829741      0.729941785      0.298490703      0.504995465      0.768814683      0.347638577      0.411038727    
  0.758576214      0.561926126      0.242391422      0.426263779      0.754083395      0.350205868      0.418952703    
  0.831762314      0.430787683      0.195611075      0.358312994      0.738865614      0.352059036      0.426361024    
  0.912009239      0.328867972      0.156866714      0.299930602      0.723194301      0.353178829      0.433218986    
  0.999998212      0.250001341      0.125000566      0.250000894      0.707107067      0.353553414      0.439484984    
   1.09647620      0.189243838       9.89762545E-02  0.207501367      0.690645278      0.353178859      0.445121884    
   1.20226228      0.142647251       7.78741911E-02  0.171499401      0.673853517      0.352059096      0.450097650    
   1.31825435      0.107072845       6.08860068E-02  0.141149253      0.656779289      0.350205928      0.454384357    
   1.44543719       8.00365806E-02   4.73076329E-02  0.115687847      0.639472306      0.347638696      0.457960784    
   1.58489037       5.95823005E-02   3.65320779E-02   9.44314227E-02  0.621983588      0.344383597      0.460811198    
   1.73779762       4.41772714E-02   2.80412082E-02   7.67711550E-02  0.604364991      0.340473443      0.462926090    
   1.90545714       3.26266661E-02   2.13972237E-02   6.21687174E-02  0.586668491      0.335946500      0.464301497    
   2.08929229       2.40039993E-02   1.62339341E-02   5.01513667E-02  0.568945289      0.330845803      0.464940071    
   2.29086328       1.75947044E-02   1.22481724E-02   4.03070599E-02  0.551245511      0.325218111      0.464849651    
   2.51188159       1.28505565E-02   9.19139106E-03   3.22790779E-02  0.533617496      0.319113165      0.464043558    
   2.75422335       9.35322791E-03   6.86183944E-03   2.57608779E-02  0.516107261      0.312582374      0.462540239    
   3.01994586       6.78517716E-03   5.09729935E-03   2.04908680E-02  0.498758018      0.305678129      0.460362494    
   3.31130481       4.90663946E-03   3.76855256E-03   1.62473805E-02  0.481610119      0.298452914      0.457537025    
   3.63077354       3.53748491E-03   2.77357711E-03   1.28438072E-02  0.464700609      0.290958494      0.454094023    
   3.98106432       2.54306430E-03   2.03251792E-03   1.01241022E-02  0.448062837      0.283245116      0.450066537    
   4.36515045       1.82321446E-03   1.48338894E-03   7.95860495E-03  0.431726843      0.275361180      0.445489705    
   4.78629255       1.30376930E-03   1.07844896E-03   6.24022121E-03  0.415718943      0.267352492      0.440400511    
   5.24806547       9.30058712E-04   7.81203213E-04   4.88100899E-03  0.400061935      0.259262115      0.434837073    
   5.75438976       6.61956146E-04   5.63952315E-04   3.80915357E-03  0.384775102      0.251129955      0.428838104    
   6.30956316       4.70130617E-04   4.05813451E-04   2.96631921E-03  0.369874418      0.242992699      0.422442615    
   6.91829872       3.33225034E-04   2.91142118E-04   2.30535050E-03  0.355372697      0.234883651      0.415689439    
   7.58576441       2.35745509E-04   2.08287776E-04   1.78830978E-03  0.341279745      0.226832733      0.408616751    
   8.31762505       1.66491038E-04   1.48622639E-04   1.38481008E-03  0.327602625      0.218866572      0.401262075    
   9.12009525       1.17390256E-04   1.05790532E-04   1.07061025E-03  0.314345807      0.211008564      0.393661588    
   9.99998665       8.26450487E-05   7.51318512E-05   8.26449366E-04  0.301511526      0.203279033      0.385850400    
   10.9647655       5.81022468E-05   5.32461381E-05   6.37077552E-04  0.289099872      0.195695341      0.377861857    
   12.0226259       4.07947446E-05   3.76621356E-05   4.90459905E-04  0.277109057      0.188272163      0.369727910    
   13.1825457       2.86083650E-05   2.65912113E-05   3.77131102E-04  0.265535682      0.181021631      0.361478657    
   14.4543724       2.00400482E-05   1.87433234E-05   2.89666321E-04  0.254374921      0.173953533      0.353142411    
   15.8489037       1.40235588E-05   1.31912457E-05   2.22258037E-04  0.243620694      0.167075574      0.344745785    
   17.3779755       9.80406912E-06   9.27059955E-06   1.70374857E-04  0.233265862      0.160393551      0.336313426    
   19.0545692       6.84817860E-06   6.50670063E-06   1.30489076E-04  0.223302364      0.153911546      0.327868283    
   20.8929176       4.77963295E-06   4.56131465E-06   9.98604810E-05  0.213721469      0.147632137      0.319431514    
   22.9086266       3.33343974E-06   3.19401579E-06   7.63645294E-05  0.204513848      0.141556531      0.311022460    
   25.1188068       2.32324669E-06   2.23429743E-06   5.83571818E-05  0.195669591      0.135684788      0.302658856    
   27.5422230       1.61817854E-06   1.56148428E-06   4.45682344E-05  0.187178567      0.130015969      0.294356734    
   30.1994438       1.12644091E-06   1.09033635E-06   3.40178885E-05  0.179030314      0.124548249      0.286130726    
   33.1130295       7.83721191E-07   7.60746957E-07   2.59513836E-05  0.171214223      0.119279049      0.277993828    
   36.3077126       5.45010664E-07   5.30402133E-07   1.97880909E-05  0.163719609      0.114205182      0.269957751    
   39.8106117       3.78840241E-07   3.69557341E-07   1.50818614E-05  0.156535715      0.109322950      0.262032866    
   43.6514626       2.63227349E-07   2.57332204E-07   1.14902596E-05  0.149651870      0.104628190      0.254228294    
   47.8628731       1.82828728E-07   1.79087081E-07   8.75070873E-06  0.143057466      0.100116439      0.246552005    
   52.4805908       1.26943419E-07   1.24569794E-07   6.66206552E-06  0.136741996       9.57829356E-02  0.239010900    
   57.5438194       8.81131044E-08   8.66080185E-08   5.07036430E-06  0.130695149       9.16227475E-02  0.231610849    
   63.0955353       6.11430551E-08   6.01891230E-08   3.85785370E-06  0.124906801       8.76307487E-02  0.224356845    
   69.1828766       4.24170459E-08   4.18126689E-08   2.93453331E-06  0.119367033       8.38017613E-02  0.217252985    
   75.8575058       2.94191622E-08   2.90363875E-08   2.23166444E-06  0.114066176       8.01305249E-02  0.210302621    
   83.1760941       2.03997761E-08   2.01574313E-08   1.69677378E-06  0.108994760       7.66117722E-02  0.203508317    
   91.2007675       1.41427527E-08   1.39893626E-08   1.28982992E-06  0.104143634       7.32402354E-02  0.196872041    
   99.9996414       9.80309967E-09   9.70603953E-09   9.80306481E-07   9.95038897E-02   7.00106919E-02  0.190395147    
